Radiation Transfer Project/raw_data/2016/merged_2016/sarp-mrg60_dc8_20160617_RA_20240729T133949.ict
103, 1001
Suborbital Science Data for Atmospheric Composition
NASA Langley Research Center
Merged Flight#20160617, on the DC8 platform. Data is merged to 60.000000 seconds. This merge was created on the Custom Data Merging tool.
SARP
1,1
2016,06,17, 2024, 7, 29
0
Time_Start, seconds, start time of the merge period
70
1, 1, 1, 1, 1, 1, 1, 1, 1, 1, 1, 1, 1, 1, 1, 1, 1, 1, 1, 1, 1, 1, 1, 1, 1, 1, 1, 1, 1, 1, 1, 1, 1, 1, 1, 1, 1, 1, 1, 1, 1, 1, 1, 1, 1, 1, 1, 1, 1, 1, 1, 1, 1, 1, 1, 1, 1, 1, 1, 1, 1, 1, 1, 1, 1, 1, 1, 1, 1, 1
-999999, -999999, -999999, -999999, -999999, -999999, -999999, -999999, -999999, -999999, -999999, -999999, -999999, -999999, -999999, -999999, -999999, -999999, -999999, -999999, -999999, -999999, -999999, -999999, -999999, -999999, -999999, -999999, -999999, -999999, -999999, -999999, -999999, -999999, -999999, -999999, -999999, -999999, -999999, -999999, -999999, -999999, -999999, -999999, -999999, -999999, -999999, -999999, -999999, -999999, -999999, -999999, -999999, -999999, -999999, -999999, -999999, -999999, -999999, -999999, -999999, -999999, -999999, -999999, -999999, -999999, -999999, -999999, -999999, -999999
Time_Stop, seconds, stop time of the merge period
Day_Of_Year,  day beginning January 1 {dataID = SARP-HSKPING}
Latitude,  deg {dataID = SARP-HSKPING}
Longitude,  deg {dataID = SARP-HSKPING}
Pressure_Altitude,  ft {dataID = SARP-HSKPING}
Static_Air_Temp,  Celcius {dataID = SARP-HSKPING}
Static_Pressure,  mb {dataID = SARP-HSKPING}
Solar_Zenith_Angle,  deg {dataID = SARP-HSKPING}
nLAS_stdPT_ANDERSON,  #/cm3,  Number concentration of aerosols between 0.1 and 5 um measured by TSI LAS {dataID = SARP-LARGE-LAS}
vLAS_stdPT_ANDERSON,  um3/cm3,  Volume concentration of aerosols between 0.1 and 5 um measured by TSI LAS {dataID = SARP-LARGE-LAS}
LAS_bin01_stdPT_ANDERSON,  #/cm3,  number size distribution of aerosols (dNdlogD), bin center EQ 100nm measured by the TSI LAS {dataID = SARP-LARGE-LAS}
LAS_bin02_stdPT_ANDERSON,  #/cm3,  number size distribution of aerosols (dNdlogD), bin center EQ 112nm measured by the TSI LAS {dataID = SARP-LARGE-LAS}
LAS_bin03_stdPT_ANDERSON,  #/cm3,  number size distribution of aerosols (dNdlogD), bin center EQ 126nm measured by the TSI LAS {dataID = SARP-LARGE-LAS}
LAS_bin04_stdPT_ANDERSON,  #/cm3,  number size distribution of aerosols (dNdlogD), bin center EQ 141nm measured by the TSI LAS {dataID = SARP-LARGE-LAS}
LAS_bin05_stdPT_ANDERSON,  #/cm3,  number size distribution of aerosols (dNdlogD), bin center EQ 158nm measured by the TSI LAS {dataID = SARP-LARGE-LAS}
LAS_bin06_stdPT_ANDERSON,  #/cm3,  number size distribution of aerosols (dNdlogD), bin center EQ 178nm measured by the TSI LAS {dataID = SARP-LARGE-LAS}
LAS_bin07_stdPT_ANDERSON,  #/cm3,  number size distribution of aerosols (dNdlogD), bin center EQ 200nm measured by the TSI LAS {dataID = SARP-LARGE-LAS}
LAS_bin08_stdPT_ANDERSON,  #/cm3,  number size distribution of aerosols (dNdlogD), bin center EQ 224nm measured by the TSI LAS {dataID = SARP-LARGE-LAS}
LAS_bin09_stdPT_ANDERSON,  #/cm3,  number size distribution of aerosols (dNdlogD), bin center EQ 251nm measured by the TSI LAS {dataID = SARP-LARGE-LAS}
LAS_bin10_stdPT_ANDERSON,  #/cm3,  number size distribution of aerosols (dNdlogD), bin center EQ 282nm measured by the TSI LAS {dataID = SARP-LARGE-LAS}
[...]
[from data line 237]
76170,76230,169,34.054711,-117.451845,2856.12,24.0533,912.9700,20.0933,1891.36,13.1950,3849.96,3939.20,3786.41,3440.67,3392.68,3141.93,3106.26,3331.79,3385.43,2774.43,1912.47,1265.35,387.2787,48.7717,22.2073,11.4925,6.07750,4.36283,2.37717,2.64333,2.17800,1.58467,1.10950,1.26750,1.11000,0.31733,0.13217,0.000E+00,1.20500,90.7510,6.63983,0.93133,10.2424,0.63907,5.44800,1.96094,-0.018092,1.22097,0.000E+00,1.08556,1.45252,1.27947,0.60470,1.74350,1.99081,-0.53410,0.085178,0.097396,0.017462,0.0038994,0.0037435,0.0056663,0.063155,0.086916,0.0057352,0.0030981,0.0014433,0.0045274,0.25862,320.1905
76230,76290,169,34.054644,-117.501538,2139.62,26.1550,937.3400,20.2450,1730.95,11.4075,4208.09,3962.35,3698.70,3257.58,3080.61,2842.47,2826.83,2912.90,2815.71,2245.30,1476.88,935.7267,261.8283,31.7445,16.6475,14.6782,6.34600,3.17300,6.07883,3.17800,0.99100,1.26917,1.74550,0.47583,0.79367,0.63483,0.13250,0.000E+00,1.18133,70.7962,6.58117,0.91350,9.86050,0.56285,3.18808,1.19752,-0.0098169,1.19736,0.000E+00,1.04557,1.40423,1.28232,0.60094,1.73813,1.98543,-0.53624,0.085327,0.098102,0.018040,0.0041435,0.0039847,0.0059044,0.065104,0.086157,0.0062564,0.0031980,0.0018239,0.0048827,0.28590,348.3247
76290,76350,169,34.054886,-117.551217,1386.23,28.4550,963.5350,20.3883,1398.08,7.74033,4015.36,3709.80,3024.87,2545.49,2374.38,2226.23,2260.71,2316.51,2106.36,1565.06,989.9298,610.2375,156.0035,22.6057,10.5753,8.71850,4.75617,2.37867,1.85033,2.11500,0.99050,0.63533,0.79350,0.63433,0.31700,0.47633,0.000E+00,0.000E+00,1.15883,46.8348,5.84000,0.88833,9.67944,0.56793,0.63783,0.35781,0.020350,1.17341,0.000E+00,0.88041,1.35448,1.30134,0.61648,1.69563,2.00092,-0.46266,0.083416,0.10566,0.017139,0.0043503,0.0041656,0.0056046,0.063714,0.092298,0.0050094,0.0033044,0.0017909,0.0047856,0.39974,329.5818
76350,76410,169,34.055154,-117.600819,1373.63,28.5733,964.0417,20.5433,1291.18,7.48533,3766.45,3335.18,2795.88,2292.21,2152.17,2045.61,2094.06,2113.50,2010.82,1491.06,946.4862,571.7432,152.1248,18.2520,11.3820,4.75933,5.02567,5.16300,3.17167,1.06217,0.59383,0.95233,1.59017,0.47550,0.000E+00,0.000E+00,0.000E+00,0.15933,1.15717,51.8438,6.19533,0.89317,11.0379,0.62835,0.61074,0.37655,0.012125,1.17652,0.000E+00,0.90309,1.35603,1.29742,0.62020,1.68148,2.00702,-0.44108,0.083896,0.10679,0.018119,0.0047079,0.0042555,0.0056699,0.064105,0.093534,0.0059941,0.0033819,0.0019213,0.0047689,0.48686,356.5477
76410,76470,169,34.057420,-117.656334,2565.73,24.3583,922.7833,20.6800,1434.60,7.93417,3840.43,3398.40,2832.37,2410.45,2292.30,2325.72,2387.81,2575.47,2440.71,1882.43,1244.68,785.9317,202.1610,30.4917,13.9947,10.3010,5.81733,1.98067,1.32017,2.11417,1.18800,0.47533,0.79367,0.79000,0.31817,0.000E+00,0.000E+00,0.000E+00,1.19100,61.5550,6.65333,0.90183,11.7955,0.67621,0.72469,0.41999,0.0071515,1.21603,0.000E+00,0.90094,1.36717,1.31559,0.63199,1.67218,2.02179,-0.40820,0.084508,0.10867,0.017735,0.0048079,0.0039608,0.0057228,0.063853,0.095237,0.0057055,0.0036702,0.0020900,0.0051837,0.42729,368.3012
76470,76530,169,34.047935,-117.726158,3776.98,20.4500,882.4467,20.8233,1218.66,8.85383,2535.54,2238.26,1945.06,1765.21,1866.65,2035.37,2262.11,2507.99,2505.42,2026.17,1399.32,960.8398,254.1870,24.5758,17.1848,11.4985,5.80917,2.38100,1.84300,0.79500,0.79217,0.79400,0.78983,0.47617,0.15883,0.31583,0.13133,0.000E+00,1.23067,72.3613,6.69417,0.91373,11.9030,0.61037,1.01050,0.50156,0.018460,1.26406,0.000E+00,0.94299,1.41533,1.35589,0.68697,1.62646,2.09681,-0.25254,0.080111,0.11180,0.016826,0.0052481,0.0039223,0.0053998,0.057851,0.10181,0.0052485,0.0038759,0.0017871,0.0044576,0.38099,367.2140
76530,76590,169,33.999456,-117.721982,4720.67,18.1317,851.9500,20.9867,416.3677,3.88200,879.1957,745.3810,621.0883,595.1242,653.0682,722.0407,785.3112,857.1607,859.9173,710.6750,472.2048,325.1392,78.2288,8.30717,3.97167,1.98267,1.84917,1.19167,1.05167,1.05717,0.59333,0.15750,0.47567,0.16017,0.15900,0.000E+00,0.000E+00,0.15900,1.26333,28.6932,2.10200,0.91818,6.15078,0.41962,0.49285,0.26645,0.012198,1.29668,0.000E+00,0.76643,1.57196,1.30655, -888888, -888888, -888888, -888888, -888888, -888888, -888888, -888888, -888888, -888888, -888888, -888888, -888888, -888888, -888888, -888888, -888888,169.5872
76590,76650,169,33.981165,-117.648285,4910.72,17.8550,845.8967,21.2183,163.4347,0.80817,450.1223,397.0975,312.3523,269.6582,262.1137,270.8475,281.2923,293.8408,248.7380,219.2198,142.4210,87.0003,26.1817,3.17717,2.11067,0.39817,0.52900,0.79333,0.52983,0.26417,0.000E+00,0.000E+00,0.000E+00,0.000E+00,0.000E+00,0.000E+00,0.000E+00,0.000E+00,1.27000,7.79067,0.22417, -999999,0.83329,0.19892,0.060797,0.061822,-0.0012804,1.30658,0.000E+00,0.66780, -888888,1.38880, -888888, -888888, -888888, -888888, -888888, -888888, -888888, -888888, -888888, -888888, -888888, -888888, -888888, -888888, -888888, -888888, -888888,35.7783
76650,76710,169,33.993431,-117.573501,4880.68,18.2383,846.8417,21.4783,216.9303,1.06450,583.1690,513.9183,477.0647,419.9172,377.3008,360.6465,344.8315,347.7380,325.5090,253.7170,176.2828,119.6168,31.2343,4.36283,0.79333,0.000E+00,0.000E+00,0.79350,0.53133,0.52883,0.000E+00,0.15983,0.15833,0.000E+00,0.000E+00,0.000E+00,0.000E+00,0.000E+00,1.27083,9.56867,0.57450, -999999,1.42149,0.22428,0.74986,0.28946,-0.0039959,1.30456,0.000E+00,0.68916,1.70504,1.48060,0.80713,1.41374,2.23321,0.20050,0.078284,0.14789,0.014373,0.0033864,0.0045434,0.0037565,0.051554,0.14522,0.0019969,0.0049400,0.0026256,0.0050054,0.31428,33.3010
76710,76770,169,34.017723,-117.506390,4608.93,18.8133,855.5100,21.7200,952.9650,6.23267,1960.66,1909.70,1885.17,1820.30,1818.81,1599.07,1567.02,1604.35,1625.92,1388.65,978.1077,659.9082,185.8820,21.0163,12.4335,6.35250,4.23033,3.17633,1.85217,0.26583,0.99167,0.31683,0.63433,0.79100,0.31750,0.15883,0.000E+00,0.000E+00,1.26283,43.9325,2.82417,0.93700,5.05478,0.34692,3.26227,1.09994,-0.014170,1.29069,0.000E+00,0.93976,1.57672,1.37529,0.68103,1.54846,2.10893,-0.18642,0.089593,0.10947,0.016404,0.0047876,0.0039699,0.0049798,0.057829,0.10595,0.0040544,0.0027479,0.0019090,0.0027005,0.22141,139.0142
76770,76830,169,34.036995,-117.440036,3834.33,21.2867,880.5133,21.9783,1314.54,8.79117,2946.60,2860.77,2624.36,2431.52,2326.20,2081.64,2101.62,2218.34,2215.94,1899.90,1352.60,891.6990,270.7062,34.4973,8.72800,5.56067,3.96450,2.37517,2.37867,2.64583,0.79300,0.79367,1.26783,0.95133,0.31717,0.15933,0.13233,0.000E+00,1.23700,65.1782,4.57983,0.93955,5.78024,0.45177,2.48319,0.89692,-0.0090673,1.25980,0.000E+00,1.00913,1.48422,1.32449,0.65541,1.60530,2.08780,-0.29448,0.094447,0.099362,0.016707,0.0046106,0.0046889,0.0064624,0.059616,0.095017,0.0034928,0.0032604,0.0024257,0.0034609,0.23371,240.0668
76830,76890,169,34.053163,-117.379621,3246.52,23.2767,899.9233,22.2133,1639.59,16.4845,4155.77,4120.91,3821.92,3270.59,2906.08,2411.13,2285.16,2409.88,2532.62,2100.38,1436.56,977.0180,279.1472,31.7280,17.4433,7.92850,5.02383,2.37983,2.11417,2.90817,1.18950,0.95267,2.22017,1.58667,0.47583,0.47517,0.26417,0.000E+00,1.21900,69.2508,5.29083,0.92854,8.45456,0.63528,4.12314,1.46420,-0.019263,1.23847,0.000E+00,1.02902,1.47877,1.32442,0.62039,1.61868,2.03045,-0.37791,0.095206,0.095279,0.017620,0.0044323,0.0045948,0.0056608,0.063173,0.090069,0.0029616,0.0027362,0.0019901,0.0045832,0.22385,283.1958
76890,76950,169,34.069399,-117.323382,2247.53,26.6067,933.6500,22.4600,786.5445,5.97717,2581.24,2451.42,2059.33,1707.37,1375.87,1031.22,942.6593,969.1283,959.5987,752.1003,488.0023,292.2925,89.5952,6.33933,3.43467,2.37483,1.58650,2.37583,2.90583,2.11150,1.18933,0.63400,0.63333,0.95150,0.63267,0.79283,0.13183,0.000E+00,1.18767,24.6790,2.52283, -999999,4.45309,0.40771,0.72048,0.34372,-0.0032096,1.20540,0.000E+00,0.96063,1.41075,1.32080,0.62673,1.64294,2.03263,-0.38948,0.094959,0.096555,0.017048,0.0044693,0.0039537,0.0058709,0.064729,0.091636,0.0027217,0.0023642,0.0016791,0.0049870,0.26312,169.4973
76950,77010,169,34.084872,-117.270551,1411.77,29.5800,962.6400,22.6950,670.4950,3.55650,2323.83,2099.60,1749.77,1442.03,1146.08,895.5203,853.9287,842.0585,776.6102,581.1862,362.8942,240.3468,66.6273,8.73150,5.55400,2.38017,2.90917,1.98367,1.32300,1.05650,0.19867,0.63350,0.63500,0.47550,0.79400,0.000E+00,0.000E+00,0.000E+00,1.16350,19.2293,2.51950, -999999,3.87739,0.31200,0.40013,0.21417,0.0044092,1.17719,0.000E+00,0.92855,1.37490,1.29474,0.59361,1.64454,1.99636,-0.45732,0.093988,0.091390,0.018135,0.0040190,0.0048463,0.0062660,0.064064,0.087368,0.0045400,0.0025857,0.0022331,0.0045096,0.33702,165.0930
77010,77070,169,34.099112,-117.219572,1958.40,27.8067,943.7317,22.9267,469.2108,3.40183,1623.00,1448.86,1217.29,991.3540,822.0102,648.2308,608.1622,587.6422,548.6690,409.3935,247.4808,166.0757,43.6280,5.95467,3.17533,1.98117,1.85033,1.98333,1.05783,1.32217,0.19967,0.47650,0.47567,0.31683,0.79300,0.15833,0.13217,0.000E+00,1.17917,16.2723,2.12400, -999999,3.68397,0.30343,0.29605,0.16719,0.0064138,1.19051,0.000E+00,0.82777,1.37056,1.30627,0.58524,1.61892,1.98298,-0.44844,0.093071,0.095211,0.023591,0.0044693,0.0043756,0.0072808,0.060249,0.091160,0.0083591,0.0031140,0.0015556,0.0048135,0.43289,159.8590
77070,77130,169,34.087620,-117.186548,3602.35,22.6933,888.1733,23.1500,490.9775,2.71283,1815.68,1592.50,1323.38,982.6228,830.4152,683.8687,617.4532,626.5650,524.3097,391.5418,249.0362,126.6175,30.3977,4.75583,5.02050,1.19017,2.64250,1.18950,2.11400,0.79333,1.98383,0.15867,0.47567,0.63583,0.31817,0.15783,0.000E+00,0.000E+00,1.23133,13.8038,1.76950, -999999,3.26028,0.26730,0.18163,0.12712,0.0066090,1.25296,0.000E+00,0.83419,1.37637,1.31869,0.62154,1.64079,2.02238,-0.39771,0.093413,0.10121,0.017166,0.0047376,0.0042478,0.0062967,0.065362,0.095107,0.0040815,0.0035799,9.160E-04,0.0039932,0.41326,122.1378
77130,77190,169,34.054650,-117.234514,5249.45,17.7167,835.3667,23.2867,434.0148,2.13367,1337.99,1248.53,1109.86,968.1585,824.9537,619.5873,594.7165,545.7322,545.8940,389.0642,260.1013,171.7880,44.6647,5.94817,5.02400,2.38100,1.58683,0.39483,0.26467,1.05733,0.19750,0.31667,0.000E+00,0.63433,0.15867,0.000E+00,0.000E+00,0.000E+00,1.28783,16.1328,1.52133, -999999,1.60881,0.17616,0.28208,0.13865,0.0050128,1.32274,0.000E+00,0.94230, -888888,1.26443,0.54521,1.70300,1.92073,-0.61252,0.10482,0.081375,0.019046,0.0047238,0.0038168,0.0064916,0.076361,0.076301,0.0058643,0.0031614,0.0020595,0.0037522,0.22079,109.6335
77190,77250,169,34.004779,-117.268601,5968.12,15.9167,812.9617,23.4417,337.6535,2.07367,1190.96,1015.11,839.2910,712.4282,624.3012,501.1365,480.1370,442.8358,371.5622,271.7350,170.8545,93.5680,26.1628,3.96133,2.64317,0.79233,1.05717,0.79217,0.26367,0.52950,0.39700,0.31667,0.31750,0.15850,0.000E+00,0.15867,0.13150,0.000E+00,1.31817,8.87500,0.71433, -999999,2.00862,0.25734,0.35331,0.17183,0.0076306,1.35086,0.000E+00,0.77380,1.53938,1.34250,0.64854,1.60499,2.07800,-0.30786,0.10382,0.093583,0.017363,0.0045118,0.0037306,0.0058534,0.067360,0.089730,0.0035902,0.0026785,0.0025017,0.0033555,0.27631,58.3423
77250,77310,169,33.947848,-117.242296,5964.93,15.9300,813.0683,23.6317,361.0470,1.71383,1252.91,1138.79,958.4067,770.5427,637.5875,492.8225,469.3505,462.9585,399.9380,299.1230,185.5000,111.7628,27.4892,3.17133,3.43567,1.58767,1.58700,0.39617,0.52967,1.05717,0.19783,0.15850,0.31717,0.15867,0.000E+00,0.15900,0.000E+00,0.000E+00,1.31750,10.6538,0.86083, -999999,2.56935,0.27713,0.48646,0.21567,0.016369,1.34964,0.000E+00,0.80296, -888888,1.41382,0.72951,1.50193,2.17208,-0.042953,0.094421,0.11757,0.014673,0.0047636,0.0042432,0.0053577,0.060083,0.11509,1.717E-04,0.0027912,0.0023205,0.0031987,0.39568,62.3520
77310,77370,169,33.899926,-117.195115,5962.95,16.2233,813.1283,23.8500,793.4467,3.93167,2947.00,2740.06,2256.43,1757.80,1304.78,1029.37,926.0740,906.7402,828.5907,578.2505,333.0180,179.4578,50.4575,5.94267,6.07367,3.96450,2.64217,3.96283,2.37933,1.05667,0.59550,0.15883,1.11067,0.15817,0.15850,0.000E+00,0.26450,0.000E+00,1.32000,19.1275,2.19917, -999999,4.78660,0.41652,0.49780,0.25331,0.012275,1.34850,0.000E+00,0.83586,1.43294,1.33381,0.67297,1.59122,2.10766,-0.24528,0.098476,0.10208,0.016663,0.0050096,0.0043546,0.0053216,0.061205,0.098271,0.0026772,0.0033885,0.0022059,0.0033330,0.47211,124.9108
77370,77430,169,33.852122,-117.145218,5623.20,17.2283,823.6250,24.0717,848.0800,4.37317,3313.04,2909.35,2435.71,1888.97,1459.99,1084.13,989.3322,923.8407,811.6517,562.4798,338.6060,165.2237,44.9437,6.34183,5.55050,5.15833,3.43417,0.79433,2.11700,1.58617,1.98150,0.47467,0.79217,0.63433,0.15850,0.63467,0.000E+00,0.000E+00,1.30533,18.0755,2.11367, -999999,4.80402,0.44634,0.43809,0.24283,0.011450,1.34118,0.000E+00,0.81326,1.44101,1.36847,0.68570,1.58028,2.12421,-0.20890,0.097874,0.10509,0.016713,0.0047735,0.0039058,0.0054527,0.061942,0.10093,0.0034784,0.0026277,0.0019940,0.0030271,0.48517,119.1427
77430,77490,169,33.802035,-117.092461,4952.25,19.7783,844.5867,24.2917,638.5650,2.73517,2628.49,2269.34,1819.15,1359.26,1048.14,789.2470,704.3782,697.2598,598.4950,427.8082,237.9705,135.4002,31.4553,5.55100,5.02633,3.56800,1.85267,1.58667,2.90900,0.52817,0.19800,0.47483,0.31750,0.63433,0.15850,0.15833,0.000E+00,0.000E+00,1.28267,14.7570,1.75317, -999999,3.83601,0.42140,0.24463,0.18294,0.0026279,1.31963,0.000E+00,0.80084,1.41430,1.34570,0.64976,1.59609,2.07653,-0.29656,0.098266,0.097900,0.017133,0.0048328,0.0043791,0.0057062,0.063473,0.093701,0.0048456,0.0029654,0.0021782,0.0050795,0.55220,101.5347
77490,77550,169,33.752082,-117.048386,4945.87,19.8983,844.7900,24.5067,625.2710,2.74133,2620.17,2208.08,1727.07,1286.61,993.9208,781.2913,732.7027,709.5938,614.9160,418.6973,224.5917,129.5845,34.6417,1.97983,4.49767,3.56983,2.38000,2.38383,2.64433,0.52883,0.39767,0.63483,1.27050,0.15917,0.15850,0.15867,0.000E+00,0.000E+00,1.28233,14.2410,1.68633, -999999,3.85225,0.38541,0.20247,0.16990,0.0067494,1.31618,0.000E+00,0.83188,1.39321,1.31606,0.64369,1.63943,2.05773,-0.35207,0.098899,0.096565,0.016372,0.0044478,0.0037869,0.0047103,0.071078,0.089949,0.0035508,0.0027402,0.0017492,0.0039494,0.66560,91.6863
77550,77610,169,33.712051,-117.083402,4929.33,19.9283,845.3033,24.6583,706.7660,3.95300,2877.14,2549.60,2022.68,1560.90,1140.81,877.2502,780.9132,765.1398,651.2750,445.4987,258.5892,141.4532,33.8410,5.15517,5.55083,1.98117,3.96717,0.39617,3.16783,1.58850,0.59567,1.26933,1.10967,0.47633,0.31717,0.31733,0.13283,0.000E+00,1.28017,16.4248,2.28883, -999999,4.64848,0.42906,0.22916,0.19132,0.0066815,1.31661,0.000E+00,0.83681,1.37252,1.31402,0.64294,1.69816,2.04817,-0.41229,0.097143,0.099212,0.016810,0.0044767,0.0041270,0.0049627,0.074645,0.090873,0.0045054,0.0027802,0.0018156,0.0037546,0.71251,124.4135
77610,77670,169,33.731954,-117.147235,4405.50,21.5250,862.0400,24.8200,616.6963,2.26600,2527.92,2155.38,1691.02,1242.72,972.8525,787.4688,754.8145,720.5253,619.6130,431.5232,243.5397,137.2568,28.5578,2.77700,5.02783,2.38017,2.11683,1.58767,1.32250,0.52900,0.59567,1.11200,0.63433,0.15850,0.000E+00,0.000E+00,0.000E+00,0.000E+00,1.26583,14.9850,1.66617, -999999,3.81033,0.39400,0.14074,0.15651,0.0066192,1.29280,0.000E+00,0.82720,1.41359,1.35302,0.69066,1.64306,2.10771,-0.26175,0.093127,0.10907,0.016160,0.0044088,0.0037195,0.0053818,0.070432,0.10343,0.0038198,0.0030555,0.0020204,0.0036033,0.76930,94.9608
