Radiation Transfer Project/raw_data/2016/merged_2016/sarp-mrg60_dc8_20160617_RA_20240729T133949.ict
103, 1001
Suborbital Science Data for Atmospheric Composition
NASA Langley Research Center
Merged Flight#20160617, on the DC8 platform. Data is merged to 60.000000 seconds. This merge was created on the Custom Data Merging tool.
SARP
1,1
2016,06,17, 2024, 7, 29
0
Time_Start, seconds, start time of the merge period
70
1, 1, 1, 1, 1, 1, 1, 1, 1, 1, 1, 1, 1, 1, 1, 1, 1, 1, 1, 1, 1, 1, 1, 1, 1, 1, 1, 1, 1, 1, 1, 1, 1, 1, 1, 1, 1, 1, 1, 1, 1, 1, 1, 1, 1, 1, 1, 1, 1, 1, 1, 1, 1, 1, 1, 1, 1, 1, 1, 1, 1, 1, 1, 1, 1, 1, 1, 1, 1, 1
-999999, -999999, -999999, -999999, -999999, -999999, -999999, -999999, -999999, -999999, -999999, -999999, -999999, -999999, -999999, -999999, -999999, -999999, -999999, -999999, -999999, -999999, -999999, -999999, -999999, -999999, -999999, -999999, -999999, -999999, -999999, -999999, -999999, -999999, -999999, -999999, -999999, -999999, -999999, -999999, -999999, -999999, -999999, -999999, -999999, -999999, -999999, -999999, -999999, -999999, -999999, -999999, -999999, -999999, -999999, -999999, -999999, -999999, -999999, -999999, -999999, -999999, -999999, -999999, -999999, -999999, -999999, -999999, -999999, -999999
Time_Stop, seconds, stop time of the merge period
Day_Of_Year,  day beginning January 1 {dataID = SARP-HSKPING}
Latitude,  deg {dataID = SARP-HSKPING}
Longitude,  deg {dataID = SARP-HSKPING}
Pressure_Altitude,  ft {dataID = SARP-HSKPING}
Static_Air_Temp,  Celcius {dataID = SARP-HSKPING}
Static_Pressure,  mb {dataID = SARP-HSKPING}
Solar_Zenith_Angle,  deg {dataID = SARP-HSKPING}
nLAS_stdPT_ANDERSON,  #/cm3,  Number concentration of aerosols between 0.1 and 5 um measured by TSI LAS {dataID = SARP-LARGE-LAS}
vLAS_stdPT_ANDERSON,  um3/cm3,  Volume concentration of aerosols between 0.1 and 5 um measured by TSI LAS {dataID = SARP-LARGE-LAS}
LAS_bin01_stdPT_ANDERSON,  #/cm3,  number size distribution of aerosols (dNdlogD), bin center EQ 100nm measured by the TSI LAS {dataID = SARP-LARGE-LAS}
LAS_bin02_stdPT_ANDERSON,  #/cm3,  number size distribution of aerosols (dNdlogD), bin center EQ 112nm measured by the TSI LAS {dataID = SARP-LARGE-LAS}
LAS_bin03_stdPT_ANDERSON,  #/cm3,  number size distribution of aerosols (dNdlogD), bin center EQ 126nm measured by the TSI LAS {dataID = SARP-LARGE-LAS}
LAS_bin04_stdPT_ANDERSON,  #/cm3,  number size distribution of aerosols (dNdlogD), bin center EQ 141nm measured by the TSI LAS {dataID = SARP-LARGE-LAS}
LAS_bin05_stdPT_ANDERSON,  #/cm3,  number size distribution of aerosols (dNdlogD), bin center EQ 158nm measured by the TSI LAS {dataID = SARP-LARGE-LAS}
LAS_bin06_stdPT_ANDERSON,  #/cm3,  number size distribution of aerosols (dNdlogD), bin center EQ 178nm measured by the TSI LAS {dataID = SARP-LARGE-LAS}
LAS_bin07_stdPT_ANDERSON,  #/cm3,  number size distribution of aerosols (dNdlogD), bin center EQ 200nm measured by the TSI LAS {dataID = SARP-LARGE-LAS}
LAS_bin08_stdPT_ANDERSON,  #/cm3,  number size distribution of aerosols (dNdlogD), bin center EQ 224nm measured by the TSI LAS {dataID = SARP-LARGE-LAS}
LAS_bin09_stdPT_ANDERSON,  #/cm3,  number size distribution of aerosols (dNdlogD), bin center EQ 251nm measured by the TSI LAS {dataID = SARP-LARGE-LAS}
LAS_bin10_stdPT_ANDERSON,  #/cm3,  number size distribution of aerosols (dNdlogD), bin center EQ 282nm measured by the TSI LAS {dataID = SARP-LARGE-LAS}
[...]
[from data line 184]
72990,73050,169,33.785603,-118.200613,3260.13,19.9100,899.5833,11.4517,1469.18,26.8983,512.5920,482.8325,498.6603,572.9313,750.5308,1094.00,1643.07,2456.71,3424.51,4045.15,4269.24,5165.61,3422.07,641.6000,282.7007,79.7407,21.9602,4.36017,2.91133,1.58650,1.19333,0.63483,1.42983,0.79267,0.79367,0.31800,0.13250,0.15833,1.20367,386.5985,29.4392,0.92658,22.1393,0.58760,2.35042,1.04635,0.39882,1.23124,0.000E+00,-10.5311,1.64713,1.30450, -888888, -888888, -888888, -888888, -888888, -888888, -888888, -888888, -888888, -888888, -888888, -888888, -888888, -888888, -888888, -888888, -888888,1165.11
73050,73110,169,33.747481,-118.176304,4857.95,16.8967,847.6533,11.5250,44.2665,0.17767,174.6020,134.1250,129.6383,101.9783,85.4328,72.7507,53.5633,45.7655,32.5237,25.1303,16.6665,7.41083,3.17500,0.39650,0.79433,0.39733,0.000E+00,0.000E+00,0.000E+00,0.26417,0.19817,0.000E+00,0.15867,0.000E+00,0.000E+00,0.000E+00,0.000E+00,0.000E+00,1.26483,3.50467,-0.26933, -999999,-0.14458,0.14586,-0.010135,0.033641,2.811E-04,1.29755,0.000E+00,-4.51220,1.75000,1.27000, -888888, -888888, -888888, -888888, -888888, -888888, -888888, -888888, -888888, -888888, -888888, -888888, -888888, -888888, -888888, -888888, -888888,6.62167
73110,73170,169,33.765630,-118.103051,5948.10,14.9717,813.5867,11.6583,53.3168,0.19250,182.6757,174.8445,141.3768,119.3053,112.3447,90.1432,73.7543,56.8400,44.4263,33.5685,14.2793,12.9530,5.01967,2.37400,1.05900,0.39733,0.000E+00,0.39517,0.26433,0.000E+00,0.000E+00,0.15833,0.000E+00,0.000E+00,0.000E+00,0.000E+00,0.000E+00,0.000E+00,1.30900,3.12350,-0.23333, -999999,0.065420,0.20388,0.0026633,0.043303,-0.0026458,1.34332,0.000E+00,0.55751,1.75000,1.27000, -888888, -888888, -888888, -888888, -888888, -888888, -888888, -888888, -888888, -888888, -888888, -888888, -888888, -888888, -888888, -888888, -888888,6.49717
73170,73230,169,33.789476,-118.031098,5960.33,15.1600,813.2033,11.8200,57.9840,0.19700,198.4705,166.7245,162.1855,146.4373,130.1933,91.2605,82.9192,53.4495,46.4367,35.1745,20.6430,16.6700,5.29200,1.18867,0.26300,1.18917,0.52733,0.39667,0.000E+00,0.26400,0.000E+00,0.000E+00,0.000E+00,0.000E+00,0.000E+00,0.000E+00,0.000E+00,0.000E+00,1.31000,2.57717,-0.18817, -999999,0.37278,0.21066,0.030984,0.059427,0.017275,1.34411,0.000E+00,0.61767,1.73367,1.27329, -888888, -888888, -888888, -888888, -888888, -888888, -888888, -888888, -888888, -888888, -888888, -888888, -888888, -888888, -888888, -888888, -888888,8.20117
73230,73290,169,33.807601,-117.956619,5966.08,15.2617,813.0317,11.9617,52.8155,0.42550,189.7680,184.4062,150.6932,130.4202,103.0907,83.7772,70.9765,50.2180,35.2910,23.5255,16.6432,10.3055,3.96300,0.39917,0.79383,0.79350,0.53133,0.000E+00,0.000E+00,0.000E+00,0.19900,0.000E+00,0.000E+00,0.000E+00,0.000E+00,0.15817,0.000E+00,0.000E+00,1.31000,1.51033,-0.14983, -999999,0.17165,0.17221,0.0050714,0.029450,0.0054618,1.34903,0.000E+00,0.47120, -888888,1.27000, -888888, -888888, -888888, -888888, -888888, -888888, -888888, -888888, -888888, -888888, -888888, -888888, -888888, -888888, -888888, -888888, -888888,5.24950
73290,73350,169,33.829291,-117.878087,5974.02,15.3150,812.7950,12.1383,43.7637,0.29817,149.3012,148.9910,123.3695,110.9692,84.5517,73.4485,54.6978,47.0233,34.8715,19.5497,10.2923,10.8350,5.02017,0.000E+00,0.52983,0.39583,0.79067,0.000E+00,0.000E+00,0.000E+00,0.000E+00,0.000E+00,0.15800,0.000E+00,0.15917,0.000E+00,0.000E+00,0.000E+00,1.31000,1.20950,-0.076833, -999999,0.16707,0.14562,0.011573,0.030389,0.0072940,1.35201,0.000E+00,0.49315,1.75000,1.27000, -888888, -888888, -888888, -888888, -888888, -888888, -888888, -888888, -888888, -888888, -888888, -888888, -888888, -888888, -888888, -888888, -888888,4.29850
73350,73410,169,33.848771,-117.800473,5967.92,15.1167,812.9667,12.2967,39.9022,0.16117,145.8983,130.0700,115.7788,104.2533,79.8110,61.8313,48.7442,40.4203,28.1208,21.4093,6.33567,9.24383,2.63700,0.79283,1.31983,0.000E+00,0.26433,0.39717,0.000E+00,0.000E+00,0.19833,0.000E+00,0.15917,0.000E+00,0.000E+00,0.000E+00,0.000E+00,0.000E+00,1.31000,1.21050,-0.066500, -999999,0.15616,0.13511,0.0055156,0.027082,0.0053509,1.34698,0.000E+00,0.50604,1.75000,1.27000, -888888, -888888, -888888, -888888, -888888, -888888, -888888, -888888, -888888, -888888, -888888, -888888, -888888, -888888, -888888, -888888, -888888,4.76283
73410,73470,169,33.867804,-117.725156,5966.75,15.0450,813.0083,12.4583,35.2700,0.089333,144.7145,126.9875,103.9732,88.8827,79.6052,47.1175,39.2742,30.1592,19.0325,12.1707,5.15367,5.28450,2.11483,0.000E+00,0.26583,0.39550,0.000E+00,0.000E+00,0.000E+00,0.26350,0.000E+00,0.000E+00,0.000E+00,0.000E+00,0.000E+00,0.000E+00,0.000E+00,0.000E+00,1.31000,0.43617,-0.083833, -999999,0.12325,0.13792,0.0014290,0.023558,0.0037803,1.34630,0.000E+00,0.44589,1.75000,1.27000, -888888, -888888, -888888, -888888, -888888, -888888, -888888, -888888, -888888, -888888, -888888, -888888, -888888, -888888, -888888, -888888, -888888,3.43167
73470,73530,169,33.887563,-117.649972,5924.72,15.3083,814.3000,12.6433,24.4963,0.23550,103.4790,85.6920,70.8828,59.5467,49.4100,36.5092,28.9468,16.9543,15.8830,10.5807,5.95750,3.70733,1.05783,0.000E+00,0.26583,0.000E+00,0.000E+00,0.000E+00,0.000E+00,0.000E+00,0.19800,0.000E+00,0.15850,0.000E+00,0.15850,0.000E+00,0.000E+00,0.000E+00,1.30917,0.10883,-0.085667, -999999,0.027453,0.10255,0.0023372,0.014348,0.0086314,1.34546,0.000E+00,0.39079, -888888,1.27000, -888888, -888888, -888888, -888888, -888888, -888888, -888888, -888888, -888888, -888888, -888888, -888888, -888888, -888888, -888888, -888888, -888888,2.58850
73530,73590,169,33.907559,-117.573777,5192.48,16.9383,837.0533,12.8167,583.4018,3.71833,1262.86,1120.82,1007.56,945.6560,1030.77,1147.13,1204.92,1271.43,1077.04,762.6817,470.0042,273.4053,66.8920,7.93533,7.40183,3.96450,1.58833,0.39817,2.37717,0.52733,0.39567,0.15767,0.15800,0.15767,0.15817,0.31667,0.000E+00,0.000E+00,1.28300,23.2240,2.27717,0.91125,4.07731,0.32241,0.26838,0.15999,0.011040,1.31893,0.000E+00,0.60342,1.62393,1.34249, -888888, -888888, -888888, -888888, -888888, -888888, -888888, -888888, -888888, -888888, -888888, -888888, -888888, -888888, -888888, -888888, -888888,110.3650
73590,73650,169,33.930057,-117.502650,4914.40,17.8583,845.7700,12.9950,622.3152,3.72183,1640.59,1452.94,1217.44,1105.57,1110.60,1100.48,1151.20,1178.47,999.6867,730.2323,433.9820,238.0122,60.5575,6.74567,4.75983,3.97017,4.23167,0.79467,0.79233,0.26500,0.59567,0.47583,0.63483,0.15833,0.47500,0.15850,0.000E+00,0.000E+00,1.27183,22.9440,2.35333, -999999,4.89515,0.40621,0.31417,0.18609,0.014012,1.30057,0.000E+00,0.72052,1.49178,1.38650,0.76875,1.51681,2.23564,0.020670,0.085904,0.12356,0.016748,0.0046869,0.0037311,0.0050821,0.052397,0.11999,0.0023062,0.0031026,0.0016462,0.0035187,0.45325,141.0845
73650,73710,169,33.961453,-117.442877,4920.27,17.8317,845.5883,13.1800,643.3853,3.61850,2075.42,1796.21,1478.65,1194.36,1120.33,1037.64,1019.26,1038.54,870.1205,608.4387,357.0563,190.4457,54.4950,9.92083,5.55083,2.37567,1.32383,1.19250,1.05550,0.52883,0.19850,0.47700,1.11083,0.31767,0.000E+00,0.15917,0.13217,0.000E+00,1.27100,19.8997,2.48700, -999999,4.72055,0.44828,0.34326,0.21453,0.029725,1.29961,0.000E+00,0.73263,1.46115,1.39372,0.71308,1.54028,2.16083,-0.11414,0.090884,0.10900,0.016225,0.0041238,0.0038446,0.0053870,0.053422,0.10510,0.0038075,0.0020151,0.0013644,0.0043851,0.42898,145.0042
73710,73770,169,33.993179,-117.381727,4917.18,17.8250,845.6850,13.3667,594.5558,3.28083,2035.82,1746.13,1387.28,1158.63,1040.48,943.3870,921.4665,886.0355,731.5923,534.2457,286.2907,161.5265,34.8855,5.94767,5.01533,3.17133,1.32150,1.19283,0.26400,1.32300,0.99000,0.31783,0.63350,0.15800,0.15900,0.15883,0.13183,0.000E+00,1.27100,16.8775,2.25467, -999999,3.63528,0.40736,0.36865,0.20880,0.014316,1.30125,0.000E+00,0.74238,1.50083,1.38525,0.69823,1.54539,2.13359,-0.14888,0.095487,0.10765,0.015230,0.0054191,0.0034402,0.0049683,0.060066,0.10389,0.0036383,0.0037701,0.0015407,0.0040297,0.56819,137.7377
73770,73830,169,34.034244,-117.347659,4573.57,18.7600,856.6450,13.5550,420.7032,2.73400,1338.91,1181.42,1060.35,888.9132,739.4203,641.4877,566.3303,598.8100,531.6603,397.3642,242.0400,169.0307,38.6267,6.34767,5.02700,0.39617,1.85067,1.19183,0.79350,0.79250,0.39750,0.15817,0.31667,0.31700,0.15867,0.15933,0.13350,0.000E+00,1.26167,12.9535,1.69067, -999999,2.62127,0.27846,0.53364,0.23879,0.0067619,1.28601,0.000E+00,0.85753,1.51007,1.34348,0.68158,1.56705,2.10486,-0.20388,0.092595,0.10935,0.014877,0.0046981,0.0036074,0.0047676,0.060457,0.10538,0.0046786,0.0027322,0.0019097,0.0039717,0.45654,97.3482
73830,73890,169,34.054339,-117.398552,3833.10,20.5200,880.5933,13.6750,866.4233,5.69250,2235.59,2260.53,2208.33,1934.57,1646.88,1310.96,1207.84,1210.77,1121.97,941.3580,659.9603,431.7857,116.5412,12.2838,9.25017,6.73483,1.84850,1.18983,2.11333,0.52783,0.59483,0.47467,1.42700,0.31767,0.63367,0.000E+00,0.26417,0.000E+00,1.23683,31.1043,2.92867, -999999,4.47760,0.32858,1.49929,0.56995,0.0036917,1.25610,0.000E+00,1.01558,1.47220,1.34571,0.65161,1.60032,2.06766,-0.29708,0.092644,0.10452,0.017192,0.0044246,0.0043164,0.0054564,0.062121,0.099645,0.0044230,0.0028669,0.0016834,0.0041507,0.25217,154.2395
73890,73950,169,34.054790,-117.454783,2878.92,23.1733,912.2117,13.7800,1370.74,8.86333,3075.22,3104.77,3066.87,2826.64,2733.26,2418.80,2241.42,2269.03,2094.22,1622.59,1021.02,680.1683,196.6120,23.7702,11.3590,5.55700,3.43383,1.18600,2.64300,3.43683,1.78483,1.11033,1.90350,0.63233,0.15883,0.63500,0.13217,0.000E+00,1.20383,50.7330,4.11017,0.91500,6.62616,0.53097,3.40631,1.22141,0.0050211,1.21971,0.000E+00,1.01644,1.48151,1.32215,0.61786,1.62197,2.02461,-0.38624,0.093300,0.10065,0.017194,0.0042340,0.0042524,0.0054902,0.061894,0.094187,0.0035154,0.0029594,0.0020460,0.0036276,0.22625,205.7300
73950,74010,169,34.054723,-117.505826,2049.18,25.6817,940.4517,13.8900,1472.56,8.72400,4369.96,4273.81,3798.12,3119.56,2675.90,2241.33,2037.10,2067.36,1882.69,1411.34,858.8058,520.4815,136.9345,15.0597,10.0407,6.73867,5.81833,2.37900,3.43933,2.64183,0.79283,1.10900,1.74650,0.95317,0.47600,0.47683,0.26400,0.000E+00,1.17617,45.0387,4.93517,0.89214,8.69337,0.67478,1.99774,0.78884,0.0047996,1.19000,0.000E+00,0.93985,1.41375,1.29846,0.61018,1.65703,2.01319,-0.43668,0.091907,0.097053,0.019108,0.0043972,0.0041990,0.0060080,0.060560,0.091093,0.0056506,0.0029368,0.0019600,0.0044007,0.31458,267.2702
74010,74070,169,34.054990,-117.555484,1319.80,28.0650,965.8700,14.0133,1503.76,12.2457,4674.69,4258.73,3583.97,2871.11,2576.06,2334.55,2306.46,2326.11,2068.99,1489.64,863.4408,537.6763,127.4123,15.0553,9.51200,7.13183,6.08483,3.96800,2.11233,2.11800,1.58433,0.63700,1.10867,1.26867,0.15883,0.000E+00,0.000E+00,0.000E+00,1.15383,45.4000,7.00683,0.86617,9.98191,0.71344,0.88899,0.44242,0.013117,1.16926,0.000E+00,0.83183,1.36553,1.30233,0.59979,1.66038,1.99572,-0.46079,0.088180,0.095495,0.019147,0.0046020,0.0043117,0.0062374,0.056704,0.089108,0.0054959,0.0030600,0.0018512,0.0046730,0.40453,379.6482
74070,74130,169,34.055209,-117.606745,1385.20,28.0050,963.6267,14.1250,1350.08,6.15533,3965.32,3600.23,2984.80,2572.72,2353.58,2262.62,2198.28,2156.99,1942.13,1428.83,838.4870,528.3787,122.9877,15.4747,8.47167,5.94550,4.76183,1.98083,2.37783,1.58983,0.59483,0.79417,0.79067,0.63500,0.000E+00,0.000E+00,0.000E+00,0.000E+00,1.15517,48.7737,7.32467,0.86933,10.7907,0.69569,0.71515,0.38907,0.011328,1.17430,0.000E+00,0.82886,1.34094,1.28811,0.57775,1.67084,1.96821,-0.51536,0.086635,0.094110,0.021400,0.0045117,0.0044452,0.0060634,0.053174,0.087823,0.0084158,0.0033332,0.0018189,0.0046733,0.45486,422.7340
74130,74190,169,34.056347,-117.671005,2825.18,22.9900,914.1100,14.2300,1159.45,5.24183,3545.09,3156.24,2598.24,2177.58,1962.45,1856.20,1817.46,1845.97,1656.14,1211.24,767.4710,443.7010,108.3945,14.6765,10.0405,5.94833,3.43583,1.58150,2.12117,0.53100,0.79350,0.31783,0.47600,0.63333,0.000E+00,0.000E+00,0.000E+00,0.000E+00,1.19683,43.1798,5.69067,0.86933,10.3318,0.62439,0.76363,0.39163,-2.479E-05,1.23010,0.000E+00,0.85832,1.37189,1.30436,0.62386,1.65339,2.02402,-0.40568,0.086372,0.10042,0.018554,0.0047228,0.0041828,0.0058285,0.056111,0.095041,0.0068050,0.0033049,0.0017897,0.0043745,0.43891,358.2958
74190,74250,169,34.059341,-117.745933,4549.43,17.9483,857.5150,14.3333,462.7498,2.96667,1382.41,1206.80,1003.22,844.6242,758.7278,696.4028,728.6975,735.6943,712.4342,542.3365,345.5807,215.3488,62.0835,6.33417,5.02000,3.55850,0.53067,0.79117,0.53100,1.05950,0.000E+00,0.47633,0.000E+00,0.63417,0.16017,0.000E+00,0.13217,0.000E+00,1.25550,21.2025, -999999, -999999,4.83321,0.34993,0.42625,0.20493,0.0066958,1.28678,0.000E+00,0.63654, -888888,1.30514, -888888, -888888, -888888, -888888, -888888, -888888, -888888, -888888, -888888, -888888, -888888, -888888, -888888, -888888, -888888, -888888, -888888,176.5377
74250,74310,169,34.073180,-117.818434,6474.80,14.1600,797.7333,14.4467,30.3217,0.14600,152.6232,115.4903,90.7343,75.7898,47.0670,34.9330,35.2937,21.9457,12.6763,10.0525,3.17000,2.64150,1.84667,0.39417,0.26583,0.39767,0.000E+00,0.39983,0.000E+00,0.000E+00,0.19783,0.000E+00,0.000E+00,0.15917,0.000E+00,0.000E+00,0.000E+00,0.000E+00,1.33083,1.14317, -999999, -999999,0.079348,0.15086,0.0068536,0.026448,0.0022770,1.36592,0.000E+00,0.42913,1.75000,1.27000, -888888, -888888, -888888, -888888, -888888, -888888, -888888, -888888, -888888, -888888, -888888, -888888, -888888, -888888, -888888, -888888, -888888,4.59617
74310,74370,169,34.119242,-117.880089,8302.58,11.1267,744.1567,14.5867,55.9342,0.24700,254.8727,193.5212,172.8853,138.3815,115.2817,83.2827,47.9873,38.0745,31.7172,19.0385,11.9018,6.08333,1.58467,0.79317,1.32083,0.39667,0.26433,0.000E+00,0.000E+00,0.26483,0.19700,0.000E+00,0.15867,0.15867,0.000E+00,0.000E+00,0.000E+00,0.000E+00,1.41150,1.33500, -999999, -999999,0.16619,0.32194,0.011518,0.056769,0.0042929,1.47094,0.000E+00,0.44273,1.74174,1.27205, -888888, -888888, -888888, -888888, -888888, -888888, -888888, -888888, -888888, -888888, -888888, -888888, -888888, -888888, -888888, -888888, -888888,8.17317
74370,74430,169,34.175547,-117.943471,10622.8,7.16000,680.2833,14.7433,38.5050,0.14933,188.5482,152.3310,117.6823,95.1975,66.9073,40.4652,38.0840,26.7098,18.6383,10.3243,5.95900,3.70250,1.58583,0.000E+00,1.06050,0.79517,0.52817,0.39517,0.52983,0.000E+00,0.000E+00,0.15900,0.15850,0.000E+00,0.000E+00,0.000E+00,0.000E+00,0.000E+00,1.52250,1.10800, -999999, -999999,0.15628,0.20385,0.0083746,0.037126,-0.0015998,1.58122,0.000E+00,0.48440,1.74926,1.27000, -888888, -888888, -888888, -888888, -888888, -888888, -888888, -888888, -888888, -888888, -888888, -888888, -888888, -888888, -888888, -888888, -888888,5.17983
74430,74490,169,34.238012,-118.010535,12621.7,2.19500,628.9300,14.8883,38.5428,0.59433,207.2477,164.1502,109.9668,88.8145,67.4008,47.8458,26.5678,23.5322,13.8742,7.66400,3.56700,1.58650,2.38033,0.39617,0.79317,0.39567,1.05883,1.58617,0.26383,0.79217,0.19817,0.000E+00,0.15883,0.000E+00,0.000E+00,0.000E+00,0.13200,0.000E+00,1.61700,1.22417, -999999, -999999,0.18010,0.20425,0.0082877,0.033909,1.361E-04,1.69475,0.000E+00,0.44261,1.74191,1.27114, -888888, -888888, -888888, -888888, -888888, -888888, -888888, -888888, -888888, -888888, -888888, -888888, -888888, -888888, -888888, -888888, -888888,5.46633
74490,74550,169,34.300893,-118.081038,15246.3,-1.77000,566.3533,15.0450,62.1640,0.15367,349.9905,268.4240,193.2365,139.9503,98.8540,65.2928,44.8115,31.9857,21.4040,13.7490,5.94433,5.02350,2.90750,0.39667,0.000E+00,0.000E+00,0.000E+00,0.39600,0.000E+00,0.26400,0.000E+00,0.31733,0.000E+00,0.000E+00,0.000E+00,0.000E+00,0.000E+00,0.000E+00,1.77300,1.45417, -999999, -999999,0.19919,0.34479,0.012089,0.038479,-0.0030548,1.86158,0.000E+00,0.27885,1.72959,1.26361, -888888, -888888, -888888, -888888, -888888, -888888, -888888, -888888, -888888, -888888, -888888, -888888, -888888, -888888, -888888, -888888, -888888,3.98783
