Radiation Transfer Project/raw_data/2016/merged_2016/sarp-mrg60_dc8_20160618_RA_20240729T133950.ict
103, 1001
Suborbital Science Data for Atmospheric Composition
NASA Langley Research Center
Merged Flight#20160618, on the DC8 platform. Data is merged to 60.000000 seconds. This merge was created on the Custom Data Merging tool.
SARP
1,1
2016,06,18, 2024, 7, 29
0
Time_Start, seconds, start time of the merge period
70
1, 1, 1, 1, 1, 1, 1, 1, 1, 1, 1, 1, 1, 1, 1, 1, 1, 1, 1, 1, 1, 1, 1, 1, 1, 1, 1, 1, 1, 1, 1, 1, 1, 1, 1, 1, 1, 1, 1, 1, 1, 1, 1, 1, 1, 1, 1, 1, 1, 1, 1, 1, 1, 1, 1, 1, 1, 1, 1, 1, 1, 1, 1, 1, 1, 1, 1, 1, 1, 1
-999999, -999999, -999999, -999999, -999999, -999999, -999999, -999999, -999999, -999999, -999999, -999999, -999999, -999999, -999999, -999999, -999999, -999999, -999999, -999999, -999999, -999999, -999999, -999999, -999999, -999999, -999999, -999999, -999999, -999999, -999999, -999999, -999999, -999999, -999999, -999999, -999999, -999999, -999999, -999999, -999999, -999999, -999999, -999999, -999999, -999999, -999999, -999999, -999999, -999999, -999999, -999999, -999999, -999999, -999999, -999999, -999999, -999999, -999999, -999999, -999999, -999999, -999999, -999999, -999999, -999999, -999999, -999999, -999999, -999999
Time_Stop, seconds, stop time of the merge period
Day_Of_Year,  day beginning January 1 {dataID = SARP-HSKPING}
Latitude,  deg {dataID = SARP-HSKPING}
Longitude,  deg {dataID = SARP-HSKPING}
Pressure_Altitude,  ft {dataID = SARP-HSKPING}
Static_Air_Temp,  Celcius {dataID = SARP-HSKPING}
Static_Pressure,  mb {dataID = SARP-HSKPING}
Solar_Zenith_Angle,  deg {dataID = SARP-HSKPING}
nLAS_stdPT_ANDERSON,  #/cm3,  Number concentration of aerosols between 0.1 and 5 um measured by TSI LAS {dataID = SARP-LARGE-LAS}
vLAS_stdPT_ANDERSON,  um3/cm3,  Volume concentration of aerosols between 0.1 and 5 um measured by TSI LAS {dataID = SARP-LARGE-LAS}
LAS_bin01_stdPT_ANDERSON,  #/cm3,  number size distribution of aerosols (dNdlogD), bin center EQ 100nm measured by the TSI LAS {dataID = SARP-LARGE-LAS}
LAS_bin02_stdPT_ANDERSON,  #/cm3,  number size distribution of aerosols (dNdlogD), bin center EQ 112nm measured by the TSI LAS {dataID = SARP-LARGE-LAS}
LAS_bin03_stdPT_ANDERSON,  #/cm3,  number size distribution of aerosols (dNdlogD), bin center EQ 126nm measured by the TSI LAS {dataID = SARP-LARGE-LAS}
LAS_bin04_stdPT_ANDERSON,  #/cm3,  number size distribution of aerosols (dNdlogD), bin center EQ 141nm measured by the TSI LAS {dataID = SARP-LARGE-LAS}
LAS_bin05_stdPT_ANDERSON,  #/cm3,  number size distribution of aerosols (dNdlogD), bin center EQ 158nm measured by the TSI LAS {dataID = SARP-LARGE-LAS}
LAS_bin06_stdPT_ANDERSON,  #/cm3,  number size distribution of aerosols (dNdlogD), bin center EQ 178nm measured by the TSI LAS {dataID = SARP-LARGE-LAS}
LAS_bin07_stdPT_ANDERSON,  #/cm3,  number size distribution of aerosols (dNdlogD), bin center EQ 200nm measured by the TSI LAS {dataID = SARP-LARGE-LAS}
LAS_bin08_stdPT_ANDERSON,  #/cm3,  number size distribution of aerosols (dNdlogD), bin center EQ 224nm measured by the TSI LAS {dataID = SARP-LARGE-LAS}
LAS_bin09_stdPT_ANDERSON,  #/cm3,  number size distribution of aerosols (dNdlogD), bin center EQ 251nm measured by the TSI LAS {dataID = SARP-LARGE-LAS}
LAS_bin10_stdPT_ANDERSON,  #/cm3,  number size distribution of aerosols (dNdlogD), bin center EQ 282nm measured by the TSI LAS {dataID = SARP-LARGE-LAS}
[...]
[from data line 238]
75450,75510,170,34.210055,-119.566804,3196.67,22.9383,901.5717,16.5250,104.6307,0.49967,346.1025,303.8203,264.7212,248.6948,233.7538,185.4033,163.8122,121.9328,86.8747,60.5548,40.8695,22.7492,8.99583,1.19400,0.26550,0.000E+00,1.32200,0.000E+00,0.26383,0.26417,0.19850,0.15783,0.000E+00,0.000E+00,0.15883,0.000E+00,0.000E+00,0.000E+00,1.21717,2.71483,0.10267, -999999,0.32491,0.31994,0.015722,0.049080,0.012330,1.24980,0.000E+00,0.37542,1.73825,1.44919, -888888, -888888, -888888, -888888, -888888, -888888, -888888, -888888, -888888, -888888, -888888, -888888, -888888, -888888, -888888, -888888, -888888,13.5587
75510,75570,170,34.250353,-119.521115,2546.20,24.5533,923.4183,16.7467,595.7400,2.58650,636.0437,847.1968,1096.53,1308.84,1625.91,1710.46,1623.37,1343.42,900.0992,491.5628,203.5167,90.7217,27.2502,3.17767,2.64950,1.19250,1.05767,0.000E+00,0.26383,0.26633,0.000E+00,0.15733,0.31517,0.000E+00,0.15800,0.000E+00,0.000E+00,0.000E+00,1.19133,14.2252,1.02350, -999999,4.59873,0.29837,0.18315,0.13239,0.0048420,1.21838,0.000E+00,0.71972,1.64504,1.36231, -888888, -888888, -888888, -888888, -888888, -888888, -888888, -888888, -888888, -888888, -888888, -888888, -888888, -888888, -888888, -888888, -888888,34.4645
75570,75630,170,34.308760,-119.523337,2401.38,24.2883,928.3650,16.9500,2625.33,18.2602,1983.26,3123.28,4476.81,5969.41,7474.79,8044.38,7608.87,6348.32,4167.78,2085.00,762.1485,330.5620,92.5690,12.6930,6.87883,6.35250,2.90850,1.98350,1.58567,1.58933,0.000E+00,0.31683,0.31600,0.63617,0.79367,0.000E+00,0.13233,0.15817,1.18783,68.7635,6.94317,0.90857,13.2499,0.23424,0.51343,0.26103,0.015551,1.21654,0.000E+00,1.08342, -888888,1.47236,0.85176,1.49989,2.31246,0.20365,0.068958,0.11997,0.013613,0.0089273,0.0032266,0.0045236,0.051503,0.11694,0.0026994,0.0068181,0.0018424,0.0039066,0.34245,158.0418
75630,75690,170,34.337906,-119.579783,2332.08,24.5300,930.7300,17.0917,1213.33,4.77950,1785.60,2378.10,2825.03,3212.15,3474.95,3113.57,2655.37,1991.93,1356.05,767.7482,381.1203,218.1843,76.0852,10.6932,5.54650,4.35067,3.17633,1.18783,1.84800,1.32017,0.39650,0.31650,0.31717,0.15750,0.000E+00,0.15900,0.000E+00,0.000E+00,1.18433,31.4862,2.55450,0.90923,5.74829,0.17666,0.20847,0.11642,0.018446,1.20583,0.000E+00,1.00081, -888888,1.43764,0.78747,1.51626,2.21965,0.058727,0.070546,0.11376,0.014611,0.0087819,0.0034045,0.0047417,0.051582,0.10974,0.0043650,0.0067583,0.0017782,0.0048061,0.41162,67.4238
75690,75750,170,34.355377,-119.632800,2177.13,24.7450,936.0333,17.2417,1545.45,8.23017,1793.29,2529.89,3040.72,3765.25,4265.34,4206.46,3833.20,3151.46,2140.13,1186.76,560.6017,294.9872,90.1083,14.6625,10.3112,8.32383,3.43717,3.17267,2.11700,1.05617,0.79367,0.47683,0.47517,1.26850,0.63467,0.000E+00,0.26433,0.000E+00,1.18000,44.4930,3.38283,0.93455,10.2166,0.23282,0.35581,0.18871,0.013775,1.19487,0.000E+00,0.86518,1.51288,1.46093,0.81730,1.48747,2.26126,0.14712,0.066175,0.12557,0.013540,0.0074118,0.0040183,0.0053293,0.048276,0.12282,0.0036825,0.0057797,0.0017747,0.0037745,0.40959,85.1300
75750,75810,170,34.372358,-119.682545,2162.45,24.7133,936.5317,17.3750,2587.57,10.7280,4002.51,5166.75,6067.66,6639.37,7073.90,6335.97,5399.14,4372.22,3083.11,1865.03,947.7822,538.5647,190.0977,25.3890,16.9212,9.51700,4.49367,2.78083,2.37833,1.05767,0.99117,0.31750,1.26883,0.31750,0.31783,0.000E+00,0.13217,0.000E+00,1.18000,67.7208,5.06383,0.93240,16.7415,0.29039,0.63048,0.32092,0.017284,1.19165,0.000E+00,0.92742,1.46477,1.42393,0.76990,1.53316,2.21099,0.0066428,0.070122,0.11506,0.015060,0.0074296,0.0038798,0.0056096,0.048531,0.11238,0.0038078,0.0056904,0.0017576,0.0042151,0.29554,139.4935
75810,75870,170,34.391162,-119.729985,1856.98,24.3800,947.1083,17.5350,3667.70,30.9002,2974.51,3914.65,4842.30,5642.53,6821.05,7459.31,7956.71,8259.98,7738.01,6429.14,4522.20,4028.91,2060.98,348.7613,188.3413,90.8430,32.0058,10.7163,8.73217,6.61417,2.77683,1.90483,2.38033,1.11183,0.31767,0.15900,0.000E+00,0.15867,1.16533,334.1968,20.0483,0.93830,71.4595,1.17488,5.48380,2.42219,0.26067,1.17637,0.000E+00,1.07203,1.42410,1.35255,0.70506,1.57919,2.13212,-0.16908,0.070396,0.10525,0.017284,0.0081450,0.0040637,0.0056821,0.044880,0.10029,0.0053156,0.0064368,0.0017577,0.0040372,0.27489,447.7682
75870,75930,170,34.409827,-119.777395,1047.20,24.0183,975.5133,17.6700,4197.36,40.2035,3332.63,3813.60,4563.26,5449.24,6930.76,7887.50,8897.65,9383.17,9377.11,8325.00,6425.21,5831.24,2889.88,425.6907,211.6962,104.6302,37.5108,16.2565,14.2672,6.07950,3.56800,1.90333,3.48617,1.74367,0.95033,0.47517,0.26483,0.000E+00,1.13033,458.7903,28.0173,0.94083,53.2563,1.09069,3.57916,1.60611,0.14858,1.14213,0.000E+00,1.01577,1.42384,1.37777,0.70713,1.58478,2.13345,-0.17052,0.071947,0.10646,0.017287,0.0075358,0.0040669,0.0057986,0.046759,0.10205,0.0058414,0.0059339,0.0019156,0.0040166,0.22962,898.2095
75930,75990,170,34.426462,-119.823338,258.1167,21.9367,1003.87,17.8333,1336.59,11.0343,2832.45,2449.08,2226.68,2165.26,2224.68,2275.52,2443.72,2522.15,2414.00,2062.51,1481.65,1078.26,413.8683,53.8485,32.4843,18.6067,10.5660,5.54400,2.90233,4.49100,1.98083,1.58767,1.58367,0.63383,0.47583,0.15900,0.39717,0.000E+00,1.08967,85.6138,5.72067,0.94130,13.1977,0.56219,0.48928,0.33041,0.033090,1.10237,0.000E+00,0.87041,1.32737,1.28706,0.59033,1.70113,1.98062,-0.52049,0.090406,0.077129,0.023879,0.0081641,0.0044273,0.0069889,0.055242,0.074561,0.010065,0.0057642,0.0018350,0.0041496,0.19050,252.9585
75990,76050,170,34.423815,-119.877578,970.0667,23.8817,978.3317,17.9583,2788.57,32.1890,2103.79,2441.27,2978.42,3633.01,4527.39,5087.94,5817.39,6335.16,6322.81,5623.02,4216.84,3902.66,2095.75,342.7530,171.9933,87.9837,37.5153,9.50833,9.24600,6.33917,3.57200,2.21983,2.22050,0.95133,0.63483,0.31400,0.000E+00,0.000E+00,1.12150,374.8227,21.2467,0.93590,11.4810,0.43340,0.73421,0.45539,0.048687,1.14316,0.000E+00,1.06193,1.45624,1.28778,0.60228,1.69347,1.98959,-0.48895,0.10224,0.067523,0.021268,0.0084951,0.0046483,0.0067038,0.072066,0.062386,0.0068636,0.0071439,0.0021770,0.0058839, -888888,446.5192
76050,76110,170,34.391277,-119.927978,1902.27,24.7017,945.5150,18.0750,580.7002,3.02900,1812.53,1538.53,1322.65,1142.39,987.8480,887.9550,858.1385,857.5198,833.9393,593.2588,405.6922,267.2077,75.3467,7.93133,7.39733,2.38483,2.91050,1.58633,1.85050,1.06033,1.19100,0.79217,0.47717,0.31750,0.15883,0.000E+00,0.000E+00,0.000E+00,1.16683,24.3150,1.32850, -999999,2.79972,0.35473,0.056432,0.10498,0.0022209,1.19015,0.000E+00,0.71032,1.54859,1.29015, -888888, -888888, -888888, -888888, -888888, -888888, -888888, -888888, -888888, -888888, -888888, -888888, -888888, -888888, -888888, -888888, -888888,71.2553
76110,76170,170,34.340100,-119.924451,2038.30,24.6450,940.8100,18.2300,77.3907,0.32633,244.2938,222.0687,183.5280,180.0822,149.5922,134.5503,118.9555,96.2787,83.2980,60.0090,35.7073,25.6402,8.45800,1.58833,1.59100,0.79150,0.53017,0.000E+00,0.26317,0.26567,0.000E+00,0.000E+00,0.15833,0.000E+00,0.000E+00,0.000E+00,0.000E+00,0.000E+00,1.17000,4.49883,-0.080333, -999999,0.18873,0.22107,0.015800,0.032852,0.010297,1.19851,0.000E+00,0.44487,1.74901,1.43583, -888888, -888888, -888888, -888888, -888888, -888888, -888888, -888888, -888888, -888888, -888888, -888888, -888888, -888888, -888888, -888888, -888888,13.4368
76170,76230,170,34.307019,-119.862919,2034.85,24.7533,940.9333,18.4267,69.5458,0.74900,236.8137,206.0998,176.0040,154.1825,153.5222,113.8768,95.5542,85.3282,72.1097,42.2570,27.7300,16.6457,6.07550,0.39600,0.52683,0.000E+00,0.26250,0.39433,1.58517,0.26317,0.19683,0.15833,0.15767,0.000E+00,0.000E+00,0.000E+00,0.13217,0.000E+00,1.17000,3.02317,-0.047333, -999999,0.064240,0.19415,0.0082201,0.025253,0.010259,1.19572,0.000E+00,0.36546,1.74563,1.36788, -888888, -888888, -888888, -888888, -888888, -888888, -888888, -888888, -888888, -888888, -888888, -888888, -888888, -888888, -888888, -888888, -888888,11.6117
76230,76290,170,34.279704,-119.797093,2044.88,24.7367,940.5633,18.6350,79.2460,0.40967,253.5487,241.6002,201.4670,182.9205,161.5573,128.7578,120.9687,101.2837,76.1828,52.3772,33.3288,18.2463,6.86433,1.58633,1.31833,1.19217,0.53150,0.000E+00,0.53150,0.000E+00,0.000E+00,0.000E+00,0.000E+00,0.31833,0.000E+00,0.000E+00,0.000E+00,0.000E+00,1.17000,2.44667,-1.667E-04, -999999,-0.11558,0.22032,0.0031102,0.032928,0.0030820,1.19753,0.000E+00,0.45592,1.75000,1.28924, -888888, -888888, -888888, -888888, -888888, -888888, -888888, -888888, -888888, -888888, -888888, -888888, -888888, -888888, -888888, -888888, -888888,10.2328
76290,76350,170,34.252033,-119.727029,2050.78,25.1433,940.3700,18.8500,3446.17,16.8368,2338.44,3561.26,5120.82,6727.54,8682.76,9975.41,10264.7,9332.09,6700.31,3800.01,1529.63,647.4838,177.6343,26.9867,16.9212,8.71417,4.49233,1.19033,1.06200,1.32333,0.39667,0.47700,0.79467,0.31700,0.000E+00,0.15783,0.13250,0.000E+00,1.17000,117.3917,10.0307,0.92171,22.0507,0.40246,1.38380,0.61887,0.016808,1.20154,0.000E+00,0.79489, -888888,1.38685,0.70735,1.54975,2.12892,-0.13506,0.093331,0.067957,0.018417,0.0099218,0.0052957,0.0080944,0.070186,0.062784,0.0020087,0.0078722,0.0038452,0.0069933,0.48489,186.6055
76350,76410,170,34.224722,-119.651945,2052.58,25.0017,940.3050,19.0717,3776.57,16.1020,2866.04,4359.10,6235.84,8221.89,10353.9,11561.9,11207.7,9434.35,6312.71,3183.34,1169.89,450.6085,128.1323,17.0515,10.5678,6.34033,3.96217,1.97917,1.05667,0.52750,1.18850,0.31683,0.31583,0.000E+00,0.31650,0.15817,0.000E+00,0.000E+00,1.17000,114.5118,12.5715,0.89700,26.7269,0.52030,1.38618,0.60776,0.026337,1.20339,0.000E+00,0.95742,1.53308,1.42318,0.86001,1.47970,2.32986,0.24031,0.069379,0.11834,0.013808,0.0087553,0.0034322,0.0049659,0.049493,0.11591,0.0020409,0.0064370,0.0017546,0.0036516,0.28996,366.1452
76410,76470,170,34.245234,-119.593365,2038.08,24.6867,940.8133,19.3017,2042.82,7.72633,2310.30,3287.81,4253.02,5222.31,6089.00,5987.68,5291.76,4105.78,2495.62,1149.60,411.5123,170.7822,53.1348,5.54917,3.96883,7.13783,2.11017,0.39733,2.38317,1.58700,1.19150,0.15833,0.47767,0.47717,0.000E+00,0.15800,0.000E+00,0.000E+00,1.17000,45.2285,5.68417,0.88292,11.8824,0.35748,0.48018,0.22985,0.014446,1.19622,0.000E+00,0.83635,1.52067,1.47361,0.84576,1.48954,2.31540,0.20199,0.068459,0.12004,0.015665,0.0079664,0.0036685,0.0048990,0.048679,0.11832,0.0041314,0.0055296,0.0018591,0.0035552,0.30231,189.7847
76470,76530,170,34.302070,-119.576412,2068.95,24.9533,939.7583,19.5200,1963.67,13.9235,1869.64,2697.07,3631.37,4554.73,5517.44,5818.24,5431.70,4486.94,2921.06,1454.57,556.1112,231.7900,71.9632,8.33683,6.35317,6.35183,0.79550,1.59433,1.05917,1.59183,0.39700,0.31800,0.31700,0.63417,0.000E+00,0.15867,0.13267,0.000E+00,1.17267,47.1712,4.60100,0.90808,15.9227,0.32886,0.67924,0.32307,0.027047,1.19827,0.000E+00,0.93085,1.55174,1.46016,0.83170,1.51142,2.28961,0.15198,0.068919,0.11915,0.013817,0.0083625,0.0033718,0.0045394,0.049709,0.11584,0.0027112,0.0064613,0.0016148,0.0027507,0.27493,121.2482
76530,76590,170,34.345169,-119.612088,2125.08,24.9450,937.8250,19.6967,2999.40,12.9985,3263.04,4673.27,5835.34,7106.43,8173.61,8333.14,7692.01,6371.50,4276.94,2443.53,1070.79,521.4335,156.5397,24.9953,15.8577,13.0860,4.49550,1.97917,1.85050,2.37817,0.79283,0.15833,0.63500,0.63417,0.47600,0.15850,0.000E+00,0.000E+00,1.17600,87.6903,6.93167,0.92650,26.1102,0.37670,1.08208,0.52842,0.023921,1.19878,0.000E+00,1.11780,1.48743,1.39895,0.80300,1.51917,2.25650,0.086848,0.070502,0.11405,0.014505,0.0081277,0.0037374,0.0050672,0.049275,0.11076,0.0031438,0.0064538,0.0016851,0.0036733,0.26525,187.6543
76590,76650,170,34.367182,-119.669655,2054.62,24.7917,940.2500,19.8483,872.1300,11.4990,1372.42,1558.69,1820.80,2026.55,2166.00,2090.89,1976.15,1696.44,1240.02,748.9658,383.0537,227.3387,85.4027,15.0687,12.4257,4.36683,6.87083,1.98167,1.31867,1.05717,0.99233,0.63467,0.31733,0.31717,0.15867,0.15867,0.26383,0.15883,1.17267,31.5603,2.29450,0.92571,5.65213,0.23187,0.18242,0.10569,0.0078682,1.19208,0.000E+00,0.71731,1.51773,1.42185,0.78022,1.55431,2.22792,0.0061168,0.070512,0.11465,0.015756,0.0072180,0.0043108,0.0055624,0.048407,0.11194,0.0046466,0.0052934,0.0019434,0.0031596,0.31378,96.4545
76650,76710,170,34.389701,-119.719880,1880.17,24.6533,946.2800,20.0033,940.5782,5.68300,2350.55,2283.73,2135.10,1900.28,1787.43,1606.33,1491.99,1495.55,1338.13,1046.49,675.6107,466.2543,175.2633,23.3930,12.1597,7.93183,2.90750,2.77800,3.17300,1.58900,0.39667,0.31767,0.63367,0.15900,0.63417,0.31667,0.000E+00,0.000E+00,1.16667,39.4730,3.07183,0.91300,6.58700,0.40739,0.14163,0.16194,0.0014813,1.17933,0.000E+00,0.88168,1.49048,1.36598,0.70149,1.61643,2.12416,-0.21342,0.080099,0.097694,0.018061,0.0076188,0.0041534,0.0061981,0.054749,0.094195,0.0053833,0.0058680,0.0021336,0.0047673,0.29036,123.7660
76710,76770,170,34.405743,-119.765394,1162.63,24.5150,971.4200,20.1550,4539.27,45.6885,2818.04,3618.70,4483.83,5590.20,7263.89,8312.54,9677.10,10644.4,10694.4,9549.37,7327.68,6541.38,3282.86,507.9807,241.6147,121.3398,40.9717,17.0403,15.0615,9.25300,3.76467,3.01267,3.17117,2.53883,0.63517,0.31717,0.26367,0.15867,1.13450,485.0307,29.4868,0.93867,46.7716,0.95613,3.24020,1.52277,0.10067,1.14479,0.000E+00,1.12106,1.41693,1.34403,0.70278,1.60323,2.12360,-0.19765,0.073397,0.10389,0.017667,0.0078819,0.0040796,0.0058223,0.049512,0.099015,0.0057200,0.0068847,0.0019515,0.0042473,0.23177,834.0370
76770,76830,170,34.424157,-119.809838,398.8167,22.6700,998.7550,20.3233,1923.03,19.4090,2473.22,2395.26,2376.28,2624.80,3120.70,3524.96,3906.15,4277.42,4221.07,3665.64,2657.51,2112.64,834.7717,114.9907,61.0723,39.2708,17.1892,7.92767,6.09150,4.23200,3.57183,0.95100,2.22017,1.26817,0.79367,0.63433,0.000E+00,0.31750,1.09800,160.1267,9.81117,0.93727,22.9748,0.67519,1.15994,0.65407,0.058531,1.10993,0.000E+00,0.90237,1.34582,1.29321,0.60582,1.70710,1.99892,-0.49543,0.097179,0.075750,0.021874,0.0076829,0.0044525,0.0073280,0.068781,0.072243,0.0080268,0.0062116,0.0019971,0.0045102,0.16967,393.4235
76830,76890,170,34.424750,-119.861368,568.3500,23.7867,992.7167,20.4600,1940.23,17.4763,2673.86,2437.64,2506.55,2613.25,3123.26,3337.72,3693.67,4053.91,4079.06,3449.02,2655.35,2519.35,1233.51,217.9000,103.7463,51.9722,17.1937,11.1055,8.99600,3.96933,1.38667,1.26867,2.38150,1.42667,0.000E+00,0.31783,0.000E+00,0.000E+00,1.10400,238.2543,15.4504,0.90412,15.4819,0.69132,1.03920,0.54772,0.056509,1.11978,0.000E+00,0.74202,1.33254,1.26020,0.56318,1.75174,1.94306,-0.62537,0.10326,0.065396,0.022653,0.0075017,0.0048510,0.0070320,0.073978,0.062003,0.0088995,0.0057214,0.0016473,0.0038577,0.15887,280.5119
76890,76950,170,34.403625,-119.860863,1411.75,25.3383,962.6200,20.6333,575.4132,4.61383,802.2018,776.6178,733.7373,723.6380,818.5477,913.5118,1082.65,1254.91,1339.77,1203.14,899.4458,667.8298,236.7355,30.5423,11.3725,6.34450,2.11833,1.18917,0.52500,0.26100,0.79783,0.000E+00,0.31683,0.47667,0.000E+00,0.000E+00,0.000E+00,0.000E+00,1.14633,45.7053, -999999, -999999,5.11512,0.37754,0.14781,0.14286,0.015940,1.16544,0.000E+00,0.75292,1.49674,1.39710,0.80632,1.53165,2.26833,0.080974,0.076606,0.10989,0.014680,0.0071601,0.0031645,0.0056249,0.051776,0.10829,0.0024997,0.0044244,0.0015646,0.0041103,0.21761,103.4000
76950,77010,170,34.446266,-119.844015,2291.38,24.2400,932.2383,20.8550,2745.12,22.3840,2661.30,3234.98,3879.81,4638.80,5628.08,6174.23,6724.32,6751.86,5957.33,4434.20,2482.29,1611.72,540.0783,79.8382,45.7867,25.4290,10.0675,5.16783,2.65200,3.44183,2.58100,0.95333,0.95233,0.31750,0.15833,0.15917,0.000E+00,0.000E+00,1.17883,173.2452, -999999, -999999,64.6553,0.99248,4.92109,1.86386,0.33043,1.22243,0.000E+00,0.94882,1.37802,1.30698,0.64656,1.62665,2.05087,-0.33353,0.073889,0.087424,0.018776,0.0094960,0.0045516,0.0070264,0.050390,0.082318,0.0048551,0.0079547,0.0021233,0.0052143,0.24633,295.8757
