Radiation Transfer Project/raw_data/2016/merged_2016/sarp-mrg60_dc8_20160618_RA_20240729T133950.ict
103, 1001
Suborbital Science Data for Atmospheric Composition
NASA Langley Research Center
Merged Flight#20160618, on the DC8 platform. Data is merged to 60.000000 seconds. This merge was created on the Custom Data Merging tool.
SARP
1,1
2016,06,18, 2024, 7, 29
0
Time_Start, seconds, start time of the merge period
70
1, 1, 1, 1, 1, 1, 1, 1, 1, 1, 1, 1, 1, 1, 1, 1, 1, 1, 1, 1, 1, 1, 1, 1, 1, 1, 1, 1, 1, 1, 1, 1, 1, 1, 1, 1, 1, 1, 1, 1, 1, 1, 1, 1, 1, 1, 1, 1, 1, 1, 1, 1, 1, 1, 1, 1, 1, 1, 1, 1, 1, 1, 1, 1, 1, 1, 1, 1, 1, 1
-999999, -999999, -999999, -999999, -999999, -999999, -999999, -999999, -999999, -999999, -999999, -999999, -999999, -999999, -999999, -999999, -999999, -999999, -999999, -999999, -999999, -999999, -999999, -999999, -999999, -999999, -999999, -999999, -999999, -999999, -999999, -999999, -999999, -999999, -999999, -999999, -999999, -999999, -999999, -999999, -999999, -999999, -999999, -999999, -999999, -999999, -999999, -999999, -999999, -999999, -999999, -999999, -999999, -999999, -999999, -999999, -999999, -999999, -999999, -999999, -999999, -999999, -999999, -999999, -999999, -999999, -999999, -999999, -999999, -999999
Time_Stop, seconds, stop time of the merge period
Day_Of_Year,  day beginning January 1 {dataID = SARP-HSKPING}
Latitude,  deg {dataID = SARP-HSKPING}
Longitude,  deg {dataID = SARP-HSKPING}
Pressure_Altitude,  ft {dataID = SARP-HSKPING}
Static_Air_Temp,  Celcius {dataID = SARP-HSKPING}
Static_Pressure,  mb {dataID = SARP-HSKPING}
Solar_Zenith_Angle,  deg {dataID = SARP-HSKPING}
nLAS_stdPT_ANDERSON,  #/cm3,  Number concentration of aerosols between 0.1 and 5 um measured by TSI LAS {dataID = SARP-LARGE-LAS}
vLAS_stdPT_ANDERSON,  um3/cm3,  Volume concentration of aerosols between 0.1 and 5 um measured by TSI LAS {dataID = SARP-LARGE-LAS}
LAS_bin01_stdPT_ANDERSON,  #/cm3,  number size distribution of aerosols (dNdlogD), bin center EQ 100nm measured by the TSI LAS {dataID = SARP-LARGE-LAS}
LAS_bin02_stdPT_ANDERSON,  #/cm3,  number size distribution of aerosols (dNdlogD), bin center EQ 112nm measured by the TSI LAS {dataID = SARP-LARGE-LAS}
LAS_bin03_stdPT_ANDERSON,  #/cm3,  number size distribution of aerosols (dNdlogD), bin center EQ 126nm measured by the TSI LAS {dataID = SARP-LARGE-LAS}
LAS_bin04_stdPT_ANDERSON,  #/cm3,  number size distribution of aerosols (dNdlogD), bin center EQ 141nm measured by the TSI LAS {dataID = SARP-LARGE-LAS}
LAS_bin05_stdPT_ANDERSON,  #/cm3,  number size distribution of aerosols (dNdlogD), bin center EQ 158nm measured by the TSI LAS {dataID = SARP-LARGE-LAS}
LAS_bin06_stdPT_ANDERSON,  #/cm3,  number size distribution of aerosols (dNdlogD), bin center EQ 178nm measured by the TSI LAS {dataID = SARP-LARGE-LAS}
LAS_bin07_stdPT_ANDERSON,  #/cm3,  number size distribution of aerosols (dNdlogD), bin center EQ 200nm measured by the TSI LAS {dataID = SARP-LARGE-LAS}
LAS_bin08_stdPT_ANDERSON,  #/cm3,  number size distribution of aerosols (dNdlogD), bin center EQ 224nm measured by the TSI LAS {dataID = SARP-LARGE-LAS}
LAS_bin09_stdPT_ANDERSON,  #/cm3,  number size distribution of aerosols (dNdlogD), bin center EQ 251nm measured by the TSI LAS {dataID = SARP-LARGE-LAS}
LAS_bin10_stdPT_ANDERSON,  #/cm3,  number size distribution of aerosols (dNdlogD), bin center EQ 282nm measured by the TSI LAS {dataID = SARP-LARGE-LAS}
[...]
[from data line 26]
62730,62790,170,37.048955,-119.907487,23974.6,-21.4000,393.1267,36.0383,37.7515,0.27500,294.7573,182.0047,110.7688,62.6502,41.5028,21.1498,13.0850,8.98867,6.34517,2.64333,3.56833,2.37850,1.58600,1.98267,0.000E+00,0.000E+00,0.26433,0.39650,0.000E+00,0.000E+00,0.000E+00,0.15850,0.000E+00,0.15883,0.15867,0.000E+00,0.000E+00,0.000E+00,2.38000,0.30200,-0.33167, -999999,0.040429,0.15443,0.0063945,1.635E-04,0.0013479,2.60937,0.000E+00,0.025874,1.75000,1.27000, -888888, -888888, -888888, -888888, -888888, -888888, -888888, -888888, -888888, -888888, -888888, -888888, -888888, -888888, -888888, -888888, -888888,1.74033
62790,62850,170,37.159776,-119.986303,23974.9,-21.8017,393.1300,35.9283,43.3595,0.074667,310.7008,204.2728,128.5130,71.7985,54.7355,35.4345,21.4167,17.4505,10.7108,3.70217,1.98283,2.90850,1.32233,0.39667,0.52867,0.79367,0.26433,0.000E+00,0.000E+00,0.26433,0.000E+00,0.000E+00,0.000E+00,0.000E+00,0.000E+00,0.000E+00,0.000E+00,0.000E+00,2.37183,0.52450,-0.12717, -999999,0.18605,0.14723,0.0010422,0.0018487,2.203E-04,2.60716,0.000E+00,0.047655,1.75000,1.48601, -888888, -888888, -888888, -888888, -888888, -888888, -888888, -888888, -888888, -888888, -888888, -888888, -888888, -888888, -888888, -888888, -888888,6.38767
62850,62910,170,37.270922,-120.064949,23978.9,-21.9017,393.0550,35.8167,43.6722,0.11817,314.3715,205.4407,122.6795,77.3362,59.4902,30.1445,23.0047,13.4837,6.74283,4.75917,6.34600,2.90817,1.58617,1.19017,0.79300,0.39633,0.52867,0.79317,0.000E+00,0.26450,0.59500,0.000E+00,0.000E+00,0.000E+00,0.000E+00,0.000E+00,0.000E+00,0.000E+00,2.37000,0.23483,-0.093333, -999999,0.072093,0.15781,0.0046294,0.0049666,0.0097591,2.60729,0.000E+00,0.090114,1.75000,1.51350, -888888, -888888, -888888, -888888, -888888, -888888, -888888, -888888, -888888, -888888, -888888, -888888, -888888, -888888, -888888, -888888, -888888,4.05650
62910,62970,170,37.382107,-120.143771,23973.0,-22.0067,393.1650,35.7050,43.5857,0.12950,290.2908,199.0820,127.9595,92.0013,57.1078,32.5192,25.3778,17.4470,7.93267,7.66733,2.77633,4.75900,1.58683,1.18967,0.26433,0.39683,0.79317,0.79367,0.52900,0.52850,0.19833,0.15867,0.000E+00,0.000E+00,0.000E+00,0.000E+00,0.000E+00,0.000E+00,2.37000,0.68567,-0.090667, -999999,0.060431,0.14967,0.0048202,0.0022175,0.015149,2.60564,0.000E+00,0.076564,1.74740,1.27000, -888888, -888888, -888888, -888888, -888888, -888888, -888888, -888888, -888888, -888888, -888888, -888888, -888888, -888888, -888888, -888888, -888888,2.55283
62970,63030,170,37.492929,-120.223433,23974.2,-22.1483,393.1317,35.5900,44.4125,0.27483,296.0975,204.2240,130.3368,85.6552,66.8833,30.9322,23.7952,15.5957,11.1020,8.72400,2.77550,3.96600,1.85083,1.19000,0.79350,1.58667,0.26450,1.18917,0.000E+00,0.26433,0.19833,0.000E+00,0.15867,0.000E+00,0.15867,0.000E+00,0.000E+00,0.000E+00,2.37000,0.44733,-0.29783, -999999,0.051294,0.16586,0.0059062,0.0049813,0.0055190,2.60285,0.000E+00,0.15717,1.75000,1.27000, -888888, -888888, -888888, -888888, -888888, -888888, -888888, -888888, -888888, -888888, -888888, -888888, -888888, -888888, -888888, -888888, -888888,3.39300
63030,63090,170,37.603953,-120.303048,23973.3,-22.2067,393.1617,35.4833,44.6570,0.24633,294.4993,207.3890,139.5898,75.7485,60.8053,39.9178,23.7908,17.9775,10.7077,9.25200,5.55483,2.64383,1.32167,0.39650,0.79333,0.79333,0.000E+00,0.39683,0.52850,0.000E+00,0.19817,0.15867,0.000E+00,0.000E+00,0.15867,0.000E+00,0.000E+00,0.000E+00,2.37000,0.28633,-0.12267, -999999,0.13516,0.14696,0.0034674,0.0035376,4.830E-04,2.60283,0.000E+00,0.14457,1.75000,1.27000, -888888, -888888, -888888, -888888, -888888, -888888, -888888, -888888, -888888, -888888, -888888, -888888, -888888, -888888, -888888, -888888, -888888,3.41633
63090,63150,170,37.714397,-120.382268,23976.8,-22.2800,393.0917,35.3750,43.6698,0.098333,274.1682,197.5027,132.1950,90.0177,59.4893,40.1848,26.5717,15.8628,10.7052,7.66767,7.93133,4.22967,3.17217,0.000E+00,1.32133,1.18950,0.52900,0.39633,0.000E+00,0.26433,0.000E+00,0.000E+00,0.000E+00,0.000E+00,0.000E+00,0.000E+00,0.000E+00,0.000E+00,2.37000,0.55183,-0.10033, -999999,0.12120,0.14661,0.0047780,0.0038514,-0.0016851,2.59215,0.000E+00,0.096827,1.75000,1.27000, -888888, -888888, -888888, -888888, -888888, -888888, -888888, -888888, -888888, -888888, -888888, -888888, -888888, -888888, -888888, -888888, -888888,3.59217
63150,63210,170,37.821388,-120.459817,23970.2,-22.3750,393.2150,35.2667,43.6558,0.12167,272.8610,186.4063,138.5492,94.7945,60.8138,41.7743,28.5553,16.3938,10.7075,9.51967,5.15500,3.96567,1.32183,0.39600,0.26433,0.000E+00,0.26400,0.79333,0.000E+00,0.26467,0.000E+00,0.000E+00,0.15867,0.000E+00,0.000E+00,0.000E+00,0.000E+00,0.000E+00,2.37000,0.54667,-0.049333, -999999,0.14697,0.15970,0.016404,0.0047979,0.0048671,2.57239,0.000E+00,0.087766,1.75000,1.27000, -888888, -888888, -888888, -888888, -888888, -888888, -888888, -888888, -888888, -888888, -888888, -888888, -888888, -888888, -888888, -888888, -888888,3.76783
63210,63270,170,37.925257,-120.534795,23961.7,-22.5283,393.3700,35.1567,38.5670,0.17983,233.1707,162.5885,114.2060,82.4920,60.2765,36.2182,23.7945,23.7935,9.91450,9.51783,4.75750,4.49317,2.38033,0.39650,0.52833,0.39633,0.52867,0.000E+00,0.26450,0.26467,0.19817,0.15867,0.31733,0.000E+00,0.000E+00,0.000E+00,0.000E+00,0.000E+00,2.36600,0.97333,-0.18867, -999999,0.045779,0.14864,0.012836,0.0058979,-0.0045874,2.55263,0.000E+00,0.16680,1.75000,1.27000, -888888, -888888, -888888, -888888, -888888, -888888, -888888, -888888, -888888, -888888, -888888, -888888, -888888, -888888, -888888, -888888, -888888,2.76478
63270,63330,170,38.026211,-120.608381,23962.1,-22.6100,393.3567,35.0467,0.10183,0.13183,0.52983,0.39650,0.000E+00,0.39683,0.000E+00,0.000E+00,0.39783,0.000E+00,0.000E+00,0.000E+00,0.000E+00,0.000E+00,0.000E+00,0.000E+00,0.000E+00,0.000E+00,0.000E+00,0.000E+00,0.000E+00,0.000E+00,0.000E+00,0.000E+00,0.000E+00,0.000E+00,0.15883,0.000E+00,0.000E+00,0.000E+00,2.36000, -999999, -999999, -999999,-0.0022069,0.14919,0.0071310,0.0053241,-2.000E-04,2.54385,0.000E+00,0.19133,1.75000,1.27000, -888888, -888888, -888888, -888888, -888888, -888888, -888888, -888888, -888888, -888888, -888888, -888888, -888888, -888888, -888888, -888888, -888888, -999999
63330,63390,170,38.125354,-120.681047,23962.7,-22.9417,393.3550,34.9367,0.059333,0.000E+00,0.26367,0.39650,0.26433,0.000E+00,0.000E+00,0.26400,0.000E+00,0.000E+00,0.000E+00,0.000E+00,0.000E+00,0.000E+00,0.000E+00,0.000E+00,0.000E+00,0.000E+00,0.000E+00,0.000E+00,0.000E+00,0.000E+00,0.000E+00,0.000E+00,0.000E+00,0.000E+00,0.000E+00,0.000E+00,0.000E+00,0.000E+00,2.36000, -999999, -999999, -999999,0.11146,0.15222,0.0082532,0.0097434,0.0034407,2.53739,0.000E+00,0.22586, -888888,1.27000, -888888, -888888, -888888, -888888, -888888, -888888, -888888, -888888, -888888, -888888, -888888, -888888, -888888, -888888, -888888, -888888, -888888, -999999
63390,63450,170,38.223854,-120.752741,23963.2,-22.9667,393.3450,34.8250,570.6095,1.75800,3448.42,2517.94,1156.63,788.1880,536.0223,547.6505,1034.79,482.9028,386.5575,291.2753,62.2457,28.0183,29.6020,18.6337,23.5233,45.5917,12.9512,0.39667,0.000E+00,0.52850,0.000E+00,0.000E+00,0.000E+00,0.15867,0.000E+00,0.000E+00,0.000E+00,0.000E+00,2.36000, -999999, -999999, -999999,0.14266,0.16656,0.0083607,0.010432,0.0059339,2.53612,0.000E+00,0.18982,1.75000,1.27000, -888888, -888888, -888888, -888888, -888888, -888888, -888888, -888888, -888888, -888888, -888888, -888888, -888888, -888888, -888888, -888888, -888888, -999999
63450,63510,170,38.322636,-120.822335,23965.2,-23.1717,393.3000,34.7150,870.3503,2.53800,5749.84,3883.78,1689.09,1002.32,690.4307,826.0337,1639.94,643.6380,572.5512,414.7483,57.4990,32.2507,37.7957,26.9573,41.7617,76.5195,19.5568,0.39650,1.05633,0.52917,0.000E+00,0.15850,0.000E+00,0.000E+00,0.000E+00,0.000E+00,0.000E+00,0.000E+00,2.36000, -999999, -999999, -999999,0.13938,0.18427,0.010978,0.012209,-0.0010732,2.53338,0.000E+00,0.18884,1.75000,1.27000, -888888, -888888, -888888, -888888, -888888, -888888, -888888, -888888, -888888, -888888, -888888, -888888, -888888, -888888, -888888, -888888, -888888, -999999
63510,63570,170,38.431860,-120.844163,23990.6,-23.3283,392.8550,34.5617,839.2607,2.37800,5722.75,3767.47,1521.34,952.2537,621.8733,804.0160,1594.14,605.2760,516.1820,406.7755,48.3628,29.5972,36.4730,34.4905,35.4155,71.7548,15.0645,0.39617,0.79300,0.79283,0.000E+00,0.000E+00,0.000E+00,0.000E+00,0.000E+00,0.000E+00,0.000E+00,0.000E+00,2.36000, -999999, -999999, -999999,0.21382,0.19050,0.0046605,0.010706,0.010496,2.53075,0.000E+00,0.13596,1.74895,1.27000, -888888, -888888, -888888, -888888, -888888, -888888, -888888, -888888, -888888, -888888, -888888, -888888, -888888, -888888, -888888, -888888, -888888, -999999
63570,63630,170,38.494115,-120.734376,23960.5,-23.3933,393.3850,34.3083,518.8078,1.53117,3527.03,2292.10,941.5672,595.7157,367.7905,484.9410,994.7325,390.2713,336.7330,263.8812,31.7303,17.1898,24.3252,22.2123,26.4427,47.1968,10.3120,1.18967,0.52900,0.26433,0.000E+00,0.000E+00,0.000E+00,0.000E+00,0.000E+00,0.000E+00,0.000E+00,0.000E+00,2.35717, -999999, -999999, -999999,0.17528,0.17823,0.012162,0.010083,0.0072935,2.52093,0.000E+00,0.16810,1.75000,1.27000, -888888, -888888, -888888, -888888, -888888, -888888, -888888, -888888, -888888, -888888, -888888, -888888, -888888, -888888, -888888, -888888, -888888, -999999
63630,63690,170,38.455217,-120.619973,23950.8,-23.2917,393.5500,34.0217,0.52133,0.0026667,1.58567,1.98217,0.52867,1.18883,1.05583,0.79233,1.58583,0.26367,0.79283,0.26417,0.000E+00,0.000E+00,0.000E+00,0.000E+00,0.000E+00,0.39633,0.000E+00,0.000E+00,0.000E+00,0.000E+00,0.000E+00,0.000E+00,0.000E+00,0.000E+00,0.000E+00,0.000E+00,0.000E+00,0.000E+00,2.35600, -999999, -999999, -999999,0.12729,0.19620,-0.0021800,0.013707,0.0053997,2.51724,0.000E+00,0.21517,1.75000,1.27000, -888888, -888888, -888888, -888888, -888888, -888888, -888888, -888888, -888888, -888888, -888888, -888888, -888888, -888888, -888888, -888888, -888888, -999999
63690,63750,170,38.403089,-120.517614,23966.8,-23.1433,393.2833,33.7433,15.2967,1.96217,77.4368,61.7540,40.9473,27.3168,18.2022,16.3463,11.8837,9.22683,9.09717,6.60667,6.72150,5.28883,3.44400,1.18183,0.79367,0.39567,1.06533,1.59600,1.32283,0.52917,0.19833,0.31750,0.31750,0.31750,0.79367,0.31750,0.13233,0.000E+00,2.36000, -999999, -999999, -999999,0.11660,0.17880,0.0024092,0.010647,0.0049598,2.51355,0.000E+00,0.20583,1.74888,1.27000, -888888, -888888, -888888, -888888, -888888, -888888, -888888, -888888, -888888, -888888, -888888, -888888, -888888, -888888, -888888, -888888, -888888, -999999
63750,63810,170,38.356013,-120.413878,23965.2,-22.9100,393.3050,33.4667,47.1072,0.21050,256.1323,204.9750,139.2965,108.6275,74.0108,49.9567,38.4568,25.6417,17.4415,9.51600,5.15200,2.64383,2.64267,2.37933,1.32233,0.39717,0.79333,0.000E+00,0.52867,0.79200,0.39633,0.000E+00,0.31733,0.000E+00,0.000E+00,0.000E+00,0.000E+00,0.000E+00,2.36000,0.99586,-0.12793, -999999,0.13294,0.14225,0.020104,0.010325,0.0089126,2.50857,0.000E+00,0.29110, -888888,1.50107, -888888, -888888, -888888, -888888, -888888, -888888, -888888, -888888, -888888, -888888, -888888, -888888, -888888, -888888, -888888, -888888, -888888, -999999
63810,63870,170,38.301070,-120.338546,23967.0,-22.6200,393.2800,33.2033,44.9127,0.29667,267.5258,185.1847,141.6843,89.2218,82.7537,39.9142,34.8962,18.5058,13.4818,9.24867,6.34283,4.22883,1.85167,1.18900,0.26417,0.39633,0.52883,0.000E+00,0.000E+00,0.000E+00,0.19833,0.000E+00,0.000E+00,0.15867,0.15850,0.000E+00,0.000E+00,0.000E+00,2.36267,0.91667,-0.25517, -999999,0.41240,0.10314,0.018475,0.0029911,0.0067590,2.50145,0.023683,0.23473, -888888,1.49899, -888888, -888888, -888888, -888888, -888888, -888888, -888888, -888888, -888888, -888888, -888888, -888888, -888888, -888888, -888888, -888888, -888888,4.32167
63870,63930,170,38.233146,-120.321378,23836.0,-22.2417,395.5217,32.9850,48.2083,0.23867,284.0805,201.7590,143.4925,110.5905,76.8980,45.9777,33.6947,28.2748,17.0463,8.98417,3.56817,2.11483,2.11317,1.18917,0.79217,0.39600,0.52767,0.000E+00,0.79267,0.52817,0.19817,0.15850,0.15867,0.15883,0.000E+00,0.000E+00,0.000E+00,0.000E+00,2.35283,0.73717,-0.27067, -999999,0.048176,0.13182,0.0080873,0.0067944,0.012207,2.49016,0.000E+00,0.17974,1.75000,1.27000, -888888, -888888, -888888, -888888, -888888, -888888, -888888, -888888, -888888, -888888, -888888, -888888, -888888, -888888, -888888, -888888, -888888,5.48150
63930,63990,170,38.159509,-120.308483,21306.7,-16.8717,440.9533,32.7683,64.9082,0.31600,370.2470,259.2548,197.1367,142.7128,106.5052,73.1982,49.5533,33.2998,28.1430,10.5700,9.91067,6.87233,5.02000,0.79250,0.26433,1.19017,0.000E+00,0.79250,1.05683,0.52817,0.39617,0.000E+00,0.000E+00,0.000E+00,0.15850,0.000E+00,0.000E+00,0.000E+00,2.16617,1.15650,-0.52600, -999999,0.18530,0.19252,0.010427,0.013792,0.0016488,2.31302,0.000E+00,0.19493,1.74848,1.49991, -888888, -888888, -888888, -888888, -888888, -888888, -888888, -888888, -888888, -888888, -888888, -888888, -888888, -888888, -888888, -888888, -888888,4.64722
63990,64050,170,38.079160,-120.295982,19284.9,-12.8950,479.9017,32.5417,52.8088,0.24850,331.6933,238.6663,160.7007,99.1170,71.8937,51.2800,31.3198,26.4283,17.0467,8.19383,7.13683,4.75783,1.85050,0.79250,0.79283,1.58567,0.52833,0.39633,0.000E+00,0.26433,0.39667,0.15867,0.15883,0.15850,0.000E+00,0.000E+00,0.000E+00,0.000E+00,2.01733,0.71033,-0.22417, -999999,0.19320,0.15449,0.0047764,0.0078354,0.0053000,2.14028,0.000E+00,0.15289,1.74842,1.52853, -888888, -888888, -888888, -888888, -888888, -888888, -888888, -888888, -888888, -888888, -888888, -888888, -888888, -888888, -888888, -888888, -888888,1.58245
64050,64110,170,37.994607,-120.283637,16443.8,-8.07500,539.4717,32.3200,78.9187,0.45917,453.3303,339.3912,240.0128,156.2313,128.4695,79.0402,59.4742,49.1725,27.3635,16.9157,13.4838,6.60967,3.96517,0.79250,2.11533,0.79300,0.000E+00,0.000E+00,0.26433,0.000E+00,0.000E+00,0.31717,0.000E+00,0.000E+00,0.000E+00,0.15850,0.000E+00,0.000E+00,1.82933,0.69433,-0.043500, -999999,0.10987,0.27798,0.0082726,0.039339,0.0088927,1.95056,0.000E+00,0.35480,1.75000,1.27000, -888888, -888888, -888888, -888888, -888888, -888888, -888888, -888888, -888888, -888888, -888888, -888888, -888888, -888888, -888888, -888888, -888888,3.25265
64110,64170,170,37.905696,-120.279182,13874.6,-4.05333,598.6383,32.1033,109.4262,0.24983,596.6213,465.5032,309.8217,239.8993,185.3068,122.4055,95.1643,70.0497,43.6148,25.1140,14.2748,8.98617,4.49350,1.98333,1.32133,1.58600,0.79233,0.79217,0.26467,0.52867,0.000E+00,0.000E+00,0.000E+00,0.000E+00,0.000E+00,0.000E+00,0.000E+00,0.000E+00,1.67650,1.24100,-0.036333, -999999,0.11782,0.32334,0.0089219,0.054501,0.0098253,1.78701,0.000E+00,0.40157,1.74875,1.27000, -888888, -888888, -888888, -888888, -888888, -888888, -888888, -888888, -888888, -888888, -888888, -888888, -888888, -888888, -888888, -888888, -888888,6.77283
64170,64230,170,37.809769,-120.284351,10586.9,1.12833,681.3183,31.8917,47.2505,0.57017,266.8068,219.3260,152.3142,108.6698,69.5390,48.6547,27.7653,22.4738,11.5037,6.34783,4.76117,2.11533,2.38000,0.79400,0.000E+00,0.39733,0.000E+00,0.000E+00,0.26467,0.000E+00,0.000E+00,0.15867,0.15867,0.000E+00,0.000E+00,0.000E+00,0.13233,0.000E+00,1.49717,0.72183,0.079167, -999999,-0.17806,0.17214,0.0013103,0.015282,0.0054223,1.64629,0.000E+00,0.26090,1.75000,1.27000, -888888, -888888, -888888, -888888, -888888, -888888, -888888, -888888, -888888, -888888, -888888, -888888, -888888, -888888, -888888, -888888, -888888,2.43067
