Radiation Transfer Project/raw_data/2016/merged_2016/sarp-mrg60_dc8_20160617_RA_20240729T133949.ict
103, 1001
Suborbital Science Data for Atmospheric Composition
NASA Langley Research Center
Merged Flight#20160617, on the DC8 platform. Data is merged to 60.000000 seconds. This merge was created on the Custom Data Merging tool.
SARP
1,1
2016,06,17, 2024, 7, 29
0
Time_Start, seconds, start time of the merge period
70
1, 1, 1, 1, 1, 1, 1, 1, 1, 1, 1, 1, 1, 1, 1, 1, 1, 1, 1, 1, 1, 1, 1, 1, 1, 1, 1, 1, 1, 1, 1, 1, 1, 1, 1, 1, 1, 1, 1, 1, 1, 1, 1, 1, 1, 1, 1, 1, 1, 1, 1, 1, 1, 1, 1, 1, 1, 1, 1, 1, 1, 1, 1, 1, 1, 1, 1, 1, 1, 1
-999999, -999999, -999999, -999999, -999999, -999999, -999999, -999999, -999999, -999999, -999999, -999999, -999999, -999999, -999999, -999999, -999999, -999999, -999999, -999999, -999999, -999999, -999999, -999999, -999999, -999999, -999999, -999999, -999999, -999999, -999999, -999999, -999999, -999999, -999999, -999999, -999999, -999999, -999999, -999999, -999999, -999999, -999999, -999999, -999999, -999999, -999999, -999999, -999999, -999999, -999999, -999999, -999999, -999999, -999999, -999999, -999999, -999999, -999999, -999999, -999999, -999999, -999999, -999999, -999999, -999999, -999999, -999999, -999999, -999999
Time_Stop, seconds, stop time of the merge period
Day_Of_Year,  day beginning January 1 {dataID = SARP-HSKPING}
Latitude,  deg {dataID = SARP-HSKPING}
Longitude,  deg {dataID = SARP-HSKPING}
Pressure_Altitude,  ft {dataID = SARP-HSKPING}
Static_Air_Temp,  Celcius {dataID = SARP-HSKPING}
Static_Pressure,  mb {dataID = SARP-HSKPING}
Solar_Zenith_Angle,  deg {dataID = SARP-HSKPING}
nLAS_stdPT_ANDERSON,  #/cm3,  Number concentration of aerosols between 0.1 and 5 um measured by TSI LAS {dataID = SARP-LARGE-LAS}
vLAS_stdPT_ANDERSON,  um3/cm3,  Volume concentration of aerosols between 0.1 and 5 um measured by TSI LAS {dataID = SARP-LARGE-LAS}
LAS_bin01_stdPT_ANDERSON,  #/cm3,  number size distribution of aerosols (dNdlogD), bin center EQ 100nm measured by the TSI LAS {dataID = SARP-LARGE-LAS}
LAS_bin02_stdPT_ANDERSON,  #/cm3,  number size distribution of aerosols (dNdlogD), bin center EQ 112nm measured by the TSI LAS {dataID = SARP-LARGE-LAS}
LAS_bin03_stdPT_ANDERSON,  #/cm3,  number size distribution of aerosols (dNdlogD), bin center EQ 126nm measured by the TSI LAS {dataID = SARP-LARGE-LAS}
LAS_bin04_stdPT_ANDERSON,  #/cm3,  number size distribution of aerosols (dNdlogD), bin center EQ 141nm measured by the TSI LAS {dataID = SARP-LARGE-LAS}
LAS_bin05_stdPT_ANDERSON,  #/cm3,  number size distribution of aerosols (dNdlogD), bin center EQ 158nm measured by the TSI LAS {dataID = SARP-LARGE-LAS}
LAS_bin06_stdPT_ANDERSON,  #/cm3,  number size distribution of aerosols (dNdlogD), bin center EQ 178nm measured by the TSI LAS {dataID = SARP-LARGE-LAS}
LAS_bin07_stdPT_ANDERSON,  #/cm3,  number size distribution of aerosols (dNdlogD), bin center EQ 200nm measured by the TSI LAS {dataID = SARP-LARGE-LAS}
LAS_bin08_stdPT_ANDERSON,  #/cm3,  number size distribution of aerosols (dNdlogD), bin center EQ 224nm measured by the TSI LAS {dataID = SARP-LARGE-LAS}
LAS_bin09_stdPT_ANDERSON,  #/cm3,  number size distribution of aerosols (dNdlogD), bin center EQ 251nm measured by the TSI LAS {dataID = SARP-LARGE-LAS}
LAS_bin10_stdPT_ANDERSON,  #/cm3,  number size distribution of aerosols (dNdlogD), bin center EQ 282nm measured by the TSI LAS {dataID = SARP-LARGE-LAS}
[...]
[from data line 158]
71430,71490,169,33.551878,-116.307099,12027.7,6.84833,643.6950,10.2000,61.7963,0.20700,338.2378,249.7333,191.0578,126.0490,100.1690,77.4338,56.6705,38.5835,25.7733,12.9563,6.34183,5.55050,2.90717,1.18967,0.26367,0.39600,0.26417,0.39600,0.26483,0.26450,0.39667,0.15850,0.15800,0.000E+00,0.000E+00,0.000E+00,0.000E+00,0.000E+00,1.61083,1.18583,-0.20850, -999999,0.20423,0.24894,0.0075215,0.031667,0.0057136,1.68046,0.000E+00,0.31927,1.74958,1.47809, -888888, -888888, -888888, -888888, -888888, -888888, -888888, -888888, -888888, -888888, -888888, -888888, -888888, -888888, -888888, -888888,1.00000,5.15083
71490,71550,169,33.580676,-116.396701,12038.6,5.46500,643.4267,10.2067,37.9963,0.39250,236.1195,176.8945,125.8702,82.5157,53.9450,29.3400,19.8377,13.2230,9.52000,5.28567,1.18967,3.17067,0.52800,0.79267,0.26417,0.39433,0.000E+00,0.39700,0.000E+00,0.000E+00,0.000E+00,0.000E+00,0.000E+00,0.15867,0.000E+00,0.15833,0.000E+00,0.000E+00,1.60433,0.19817,-0.16250, -999999,0.11085,0.13455,0.0084073,0.012023,0.0036270,1.67477,0.000E+00,0.24289,1.75000,1.27000, -888888, -888888, -888888, -888888, -888888, -888888, -888888, -888888, -888888, -888888, -888888, -888888, -888888, -888888, -888888, -888888, -888888,1.97200
71550,71610,169,33.632885,-116.476515,12034.2,4.23667,643.5367,10.3000,43.8610,0.084667,282.9442,202.2658,143.8335,91.5993,60.2817,34.1037,25.7752,11.8985,12.2925,4.23133,3.97017,1.32083,0.79300,0.39600,0.79333,0.39733,0.000E+00,0.000E+00,0.000E+00,0.000E+00,0.000E+00,0.15883,0.000E+00,0.000E+00,0.000E+00,0.000E+00,0.000E+00,0.000E+00,1.59733,0.38100,0.016000, -999999,0.088894,0.22435,0.010360,0.023741,0.0018148,1.67027,0.000E+00,0.25622,1.75000,1.27000, -888888, -888888, -888888, -888888, -888888, -888888, -888888, -888888, -888888, -888888, -888888, -888888, -888888, -888888, -888888, -888888, -888888,2.07543
71610,71670,169,33.667059,-116.562979,12037.2,5.50500,643.4583,10.3000,0.16767,0.037833,0.26450,1.98383,0.26400,0.000E+00,0.26450,0.000E+00,0.000E+00,0.000E+00,0.000E+00,0.000E+00,0.000E+00,0.000E+00,0.000E+00,0.000E+00,0.000E+00,0.000E+00,0.000E+00,0.000E+00,0.000E+00,0.26450,0.000E+00,0.000E+00,0.15867,0.000E+00,0.000E+00,0.000E+00,0.000E+00,0.000E+00,1.60550, -999999, -999999, -999999,0.014836,0.13221,0.0049782,0.010103,0.0036137,1.67290,0.000E+00,0.18841,1.74892,1.27000, -888888, -888888, -888888, -888888, -888888, -888888, -888888, -888888, -888888, -888888, -888888, -888888, -888888, -888888, -888888, -888888, -888888, -999999
71670,71730,169,33.672741,-116.655208,12033.5,5.31000,643.5567,10.4000,0.046167,3.333E-04,0.000E+00,0.000E+00,0.26417,0.000E+00,0.26433,0.000E+00,0.000E+00,0.000E+00,0.000E+00,0.000E+00,0.39617,0.000E+00,0.000E+00,0.000E+00,0.000E+00,0.000E+00,0.000E+00,0.000E+00,0.000E+00,0.000E+00,0.000E+00,0.000E+00,0.000E+00,0.000E+00,0.000E+00,0.000E+00,0.000E+00,0.000E+00,1.60150, -999999, -999999, -999999,0.057003,0.11054,0.0086155,0.0099651,0.011908,1.66892,0.000E+00,0.18450,1.74336,1.27000, -888888, -888888, -888888, -888888, -888888, -888888, -888888, -888888, -888888, -888888, -888888, -888888, -888888, -888888, -888888, -888888, -888888, -999999
71730,71790,169,33.679016,-116.745976,11974.1,5.54167,645.0583,10.4000,159.3522,0.80117,598.0583,596.2137,427.3390,357.5852,274.0735,199.8092,237.8522,164.6522,132.4037,101.2225,39.6447,24.0515,9.77867,4.75600,6.07817,11.1002,0.79300,0.79200,0.000E+00,0.52800,0.000E+00,0.000E+00,0.000E+00,0.000E+00,0.000E+00,0.15850,0.000E+00,0.000E+00,1.60167, -999999, -999999, -999999,0.17559,0.13821,0.0079948,0.010656,0.0019398,1.66263,0.000E+00,0.19469, -888888,1.27000, -888888, -888888, -888888, -888888, -888888, -888888, -888888, -888888, -888888, -888888, -888888, -888888, -888888, -888888, -888888, -888888,1.00000, -999999
71790,71850,169,33.686790,-116.836482,11880.5,5.57833,647.4450,10.4000,1066.41,3.79183,6255.48,4279.08,2025.04,1504.69,901.1168,756.5315,2390.11,897.6998,990.4858,801.9932,171.6900,52.0750,31.4545,26.9672,87.4962,138.3815,14.2763,1.58600,0.79317,0.52850,0.19833,0.15850,0.000E+00,0.000E+00,0.000E+00,0.000E+00,0.000E+00,0.000E+00,1.59617, -999999, -999999, -999999,0.11155,0.17260,0.0029705,0.014388,0.0012429,1.65649,0.000E+00,0.21442,1.75000,1.27000, -888888, -888888, -888888, -888888, -888888, -888888, -888888, -888888, -888888, -888888, -888888, -888888, -888888, -888888, -888888, -888888, -888888, -999999
71850,71910,169,33.696065,-116.927189,11149.4,6.34833,666.3333,10.4450,1027.42,3.59783,6226.89,3997.91,1956.32,1448.39,851.9520,705.2313,2281.04,851.7038,960.7250,765.5213,177.6318,51.0145,33.3085,28.1490,76.6530,116.5698,14.0127,2.37900,2.11567,0.26433,0.19850,0.000E+00,0.15883,0.000E+00,0.000E+00,0.000E+00,0.000E+00,0.000E+00,1.55633, -999999, -999999, -999999,0.082182,0.26010,0.010917,0.044110,0.0021071,1.61809,0.000E+00,0.44911,1.75000,1.27000, -888888, -888888, -888888, -888888, -888888, -888888, -888888, -888888, -888888, -888888, -888888, -888888, -888888, -888888, -888888, -888888, -888888, -999999
71910,71970,169,33.704208,-117.021744,10081.9,8.10667,694.6433,10.5000,534.1785,1.86567,3056.13,2184.06,1055.01,787.1247,458.1103,378.5467,1202.25,461.2745,475.4295,380.6558,78.9105,24.3217,14.5385,11.1003,34.8940,69.7887,9.78333,0.000E+00,1.32217,0.000E+00,0.000E+00,0.15867,0.000E+00,0.000E+00,0.000E+00,0.000E+00,0.000E+00,0.000E+00,1.49983, -999999, -999999, -999999,0.087760,0.16801,0.0070872,0.027942,0.0031415,1.56246,0.000E+00,0.43377,1.75000,1.27000, -888888, -888888, -888888, -888888, -888888, -888888, -888888, -888888, -888888, -888888, -888888, -888888, -888888, -888888, -888888, -888888, -888888, -999999
71970,72030,169,33.714382,-117.117118,9023.78,11.0417,723.6617,10.5000,20.8420,8.38700,71.8337,58.4923,46.8932,34.0053,28.7433,21.3697,20.2060,20.0693,18.2252,14.2657,14.6730,10.8315,11.8982,6.74217,6.08033,3.96550,1.32200,3.17200,1.05767,2.11533,1.98300,1.26650,1.90367,1.90367,1.58650,0.95183,0.52883,0.31733,1.45483, -999999, -999999, -999999,0.031664,0.15843,0.0028079,0.026387,-0.0026927,1.51801,0.000E+00,0.44934,1.75000,1.27000, -888888, -888888, -888888, -888888, -888888, -888888, -888888, -888888, -888888, -888888, -888888, -888888, -888888, -888888, -888888, -888888, -888888, -999999
72030,72090,169,33.738075,-117.205768,8076.32,12.1600,750.4417,10.5817,96.7293,0.90017,417.0042,349.4493,262.8287,213.3977,186.9595,153.3523,116.9617,83.5668,64.6537,41.7783,20.2173,16.1302,3.96600,0.000E+00,1.58783,0.000E+00,0.79250,0.39750,0.000E+00,0.26483,0.19767,0.000E+00,0.000E+00,0.15917,0.15900,0.000E+00,0.13183,0.000E+00,1.40883,5.45746,0.27559, -999999,0.33729,0.36995,0.014404,0.074153,0.0050159,1.45973,0.000E+00,0.52479,1.74854,1.42640, -888888, -888888, -888888, -888888, -888888, -888888, -888888, -888888, -888888, -888888, -888888, -888888, -888888, -888888, -888888, -888888, -888888, -999999
72090,72150,169,33.758677,-117.286400,8037.12,9.62167,751.5650,10.6000,604.2412,2.58200,2239.74,1984.85,1663.79,1345.60,1061.49,795.0938,734.4373,734.6945,647.2423,443.9275,240.6930,141.1817,33.0555,5.15283,3.70733,1.58850,2.90333,0.79483,0.52917,1.32400,0.39733,0.15883,0.31850,0.31700,0.15850,0.15883,0.000E+00,0.000E+00,1.39483,15.7635,1.73517, -999999,3.60992,0.46304,1.36303,0.54076,0.018665,1.43218,0.000E+00,0.81660, -888888,1.41015,0.82436,1.48174,2.27174,0.16699,0.088884,0.13768,0.014570,0.0052621,0.0034324,0.0044988,0.065635,0.13427,0.0027493,0.0040764,0.0017282,0.0036763,0.25413,77.9045
72150,72210,169,33.767768,-117.364719,7879.12,11.6067,756.1083,10.6783,441.8137,1.94167,1603.96,1416.67,1255.37,980.2773,786.3880,620.9390,575.8298,492.5807,463.7767,304.1197,189.7478,98.7200,26.7473,5.16533,3.17933,4.36750,1.85633,0.39883,1.58817,0.53100,0.59517,0.31833,0.47633,0.47733,0.15950,0.000E+00,0.000E+00,0.000E+00,1.39283,12.7483,0.94667, -999999,2.23316,0.44766,0.75591,0.33536,0.0090181,1.43474,0.000E+00,0.70600,1.63926,1.35352, -888888, -888888, -888888, -888888, -888888, -888888, -888888, -888888, -888888, -888888, -888888, -888888, -888888, -888888, -888888, -888888, -888888,70.8047
72210,72270,169,33.775268,-117.445156,7886.92,13.3100,755.8833,10.7000,83.4478,0.32517,355.0548,276.6112,236.8157,214.6898,182.2940,146.1163,92.8893,69.8590,44.4460,25.6698,9.92933,7.67150,2.64783,0.39917,0.000E+00,0.79133,0.26517,0.000E+00,0.79450,0.26433,0.39783,0.000E+00,0.47650,0.000E+00,0.000E+00,0.000E+00,0.000E+00,0.000E+00,1.40000,1.57750,-0.050500, -999999,0.13224,0.41351,0.0041309,0.069804,0.0073411,1.44903,0.000E+00,0.45140,1.75000,1.27000, -888888, -888888, -888888, -888888, -888888, -888888, -888888, -888888, -888888, -888888, -888888, -888888, -888888, -888888, -888888, -888888, -888888,5.73983
72270,72330,169,33.781216,-117.528899,7520.82,13.4167,766.5450,10.7433,177.1340,0.88500,613.0057,482.7912,449.1703,361.4190,359.3543,299.3998,256.4288,235.9465,206.8618,129.9382,81.9833,46.2258,12.6747,1.98367,1.84867,1.18900,0.52950,0.39650,0.000E+00,0.26367,0.000E+00,0.000E+00,0.31667,0.15800,0.15850,0.000E+00,0.000E+00,0.000E+00,1.38600,5.01517,0.41967, -999999,1.88765,0.46658,0.24768,0.15766,0.011332,1.42360,0.000E+00,0.57794,1.64258,1.33128, -888888, -888888, -888888, -888888, -888888, -888888, -888888, -888888, -888888, -888888, -888888, -888888, -888888, -888888, -888888, -888888, -888888,12.6302
72330,72390,169,33.781259,-117.609868,6655.40,13.2017,792.1433,10.8000,222.9825,1.10833,592.5290,537.4052,469.7310,429.8080,379.6867,392.3965,397.3423,390.9658,360.4830,249.8557,142.4670,80.1940,25.3773,3.57200,3.69983,0.39733,0.79433,0.79333,0.52917,0.26500,0.19933,0.15967,0.15817,0.15800,0.000E+00,0.000E+00,0.000E+00,0.000E+00,1.33767,8.82100,0.96967, -999999,1.82745,0.21190,0.21737,0.11040,0.0082978,1.37848,0.000E+00,0.53288, -888888,1.34364, -888888, -888888, -888888, -888888, -888888, -888888, -888888, -888888, -888888, -888888, -888888, -888888, -888888, -888888, -888888, -888888, -888888,62.7262
72390,72450,169,33.760984,-117.686659,6298.78,14.2417,802.9050,10.8000,31.4755,0.37467,97.7902,94.8068,89.0870,75.3212,65.0175,51.8068,42.4520,39.1443,28.1572,17.7075,13.8788,8.19633,2.91183,1.18850,0.26500,0.79400,0.26283,0.39917,0.000E+00,0.000E+00,0.000E+00,0.000E+00,0.000E+00,0.000E+00,0.000E+00,0.15883,0.000E+00,0.000E+00,1.32367,0.63083,-0.040000, -999999,0.045322,0.077066,0.0056922,0.012263,0.014319,1.36668,0.000E+00,0.39777, -888888,1.27000, -888888, -888888, -888888, -888888, -888888, -888888, -888888, -888888, -888888, -888888, -888888, -888888, -888888, -888888, -888888, -888888, -888888,3.08950
72450,72510,169,33.735033,-117.765254,5383.60,16.2817,831.1167,10.8000,29.5685,0.20317,138.2078,101.0790,89.3083,72.5608,54.4283,42.2857,33.6903,20.6167,10.7145,12.4212,6.73817,5.28900,2.37817,0.39650,0.000E+00,0.000E+00,0.000E+00,0.000E+00,0.000E+00,0.000E+00,0.000E+00,0.000E+00,0.63450,0.000E+00,0.000E+00,0.000E+00,0.000E+00,0.000E+00,1.29117,0.62550,-0.017667, -999999,0.13970,0.089560,0.0084642,0.017165,0.011788,1.32805,0.000E+00,0.40797, -888888,1.27000, -888888, -888888, -888888, -888888, -888888, -888888, -888888, -888888, -888888, -888888, -888888, -888888, -888888, -888888, -888888, -888888, -888888,2.30300
72510,72570,169,33.706410,-117.845558,4014.50,19.1650,874.6533,10.8333,50.0928,0.14267,259.3558,203.0117,151.4842,117.0485,88.5623,61.0935,36.8857,34.3875,22.6045,14.5467,5.15250,2.90917,2.11467,1.59200,0.000E+00,0.000E+00,0.26483,0.000E+00,0.26550,0.26333,0.000E+00,0.000E+00,0.15817,0.000E+00,0.000E+00,0.000E+00,0.000E+00,0.000E+00,1.23667,0.19467,0.24533, -999999,0.087557,0.15859,0.010336,0.029933,0.013258,1.28040,0.000E+00,0.43466,1.74592,1.27000, -888888, -888888, -888888, -888888, -888888, -888888, -888888, -888888, -888888, -888888, -888888, -888888, -888888, -888888, -888888, -888888, -888888,9.37083
72570,72630,169,33.682471,-117.918667,3516.35,19.9867,890.9900,10.9000,58.4518,0.17833,251.7242,191.9778,177.4112,152.6938,116.0858,87.2593,67.0252,54.4607,32.5147,15.0710,8.73067,7.13617,3.96683,0.79483,0.79233,0.39683,0.26383,0.39683,0.000E+00,0.000E+00,0.000E+00,0.000E+00,0.15867,0.000E+00,0.000E+00,0.000E+00,0.000E+00,0.000E+00,1.21900,0.64850,0.13067, -999999,0.011385,0.21224,0.0080494,0.039392,-0.0084216,1.24706,0.000E+00,0.51452,1.75000,1.27000, -888888, -888888, -888888, -888888, -888888, -888888, -888888, -888888, -888888, -888888, -888888, -888888, -888888, -888888, -888888, -888888, -888888,6.61083
72630,72690,169,33.686946,-117.984135,2340.25,21.9617,930.4917,10.9250,55.4445,0.16533,253.4847,191.5138,150.4163,116.1687,95.9365,77.9605,65.7847,54.1727,36.4668,32.7743,17.4372,10.0365,2.90850,1.18983,0.52917,1.18967,0.26467,0.39667,0.26350,0.000E+00,0.000E+00,0.000E+00,0.000E+00,0.000E+00,0.000E+00,0.000E+00,0.000E+00,0.000E+00,1.17467,1.31733,-0.016333, -999999,0.18818,0.16505,0.0098797,0.042401,0.0065293,1.19423,0.000E+00,0.58664,1.74817,1.34405, -888888, -888888, -888888, -888888, -888888, -888888, -888888, -888888, -888888, -888888, -888888, -888888, -888888, -888888, -888888, -888888, -888888,5.64100
72690,72750,169,33.717091,-118.032307,1549.32,23.3383,957.7950,11.0200,1569.32,23.8952,1122.48,1048.18,1228.24,1555.32,2273.86,2957.56,3650.28,4352.94,4456.21,3865.74,2738.27,1660.07,391.6665,46.4237,15.6232,10.7133,2.90583,1.98383,0.52817,0.53017,0.79217,0.31667,0.31783,0.63600,0.47600,0.000E+00,0.13233,0.000E+00,1.14633,119.7073,10.6107,0.91324,13.0778,0.46482,0.59934,0.37697,0.026653,1.16401,0.000E+00,0.91600,1.50166,1.42135,0.78264,1.56205,2.22365,0.0031966,0.073339,0.11687,0.013477,0.0075889,0.0035085,0.0053583,0.053886,0.10816,0.0025569,0.0069554,0.0016465,0.0046632,0.45378,428.9923
72750,72810,169,33.750338,-118.069879,1478.22,23.4133,960.2833,11.1183,2797.47,23.7402,1410.49,1574.40,1907.85,2595.94,3767.93,5199.61,6518.04,8014.18,8406.40,7274.70,5204.13,3171.81,763.1258,72.9828,29.6218,14.2867,8.72117,3.17033,1.32333,2.64283,1.18867,0.47633,1.26850,0.79367,0.31633,0.000E+00,0.000E+00,0.000E+00,1.14000,229.8652,19.9807,0.91917,33.3629,0.87565,1.92268,1.00173,0.047962,1.15787,0.000E+00,1.09415,1.46481,1.41620,0.77403,1.56545,2.20623,-0.017383,0.068770,0.11961,0.014369,0.0083081,0.0035509,0.0051444,0.051588,0.10994,0.0031290,0.0069548,0.0016374,0.0042869,0.29592,831.3005
72810,72870,169,33.780184,-118.105806,826.3000,24.1467,983.3883,11.2150,3834.27,34.8403,4365.42,4527.71,4744.08,5222.81,6368.07,7503.87,8692.63,9448.48,9380.03,7409.80,4800.57,3064.01,915.4460,110.2722,54.9950,21.0167,9.25717,7.52867,7.40717,5.28317,3.76900,2.06350,3.49150,2.85867,0.31817,0.31650,0.000E+00,0.15883,1.11917,250.0893,24.3613,0.90867,30.2804,1.92600,3.70776,1.79793,0.048294,1.13025,0.000E+00,0.96892,1.43524,1.33481,0.69957,1.63289,2.11362,-0.23375,0.069692,0.11145,0.016794,0.0070383,0.0038444,0.0057032,0.049902,0.10085,0.0058527,0.0058913,0.0014308,0.0047557,0.28029,1055.35
72870,72930,169,33.809962,-118.141769,236.5167,25.8500,1004.63,11.3150,2861.96,18.2937,3983.40,4229.93,4527.14,5047.88,5932.59,6627.17,6934.08,6661.00,5705.49,3917.74,2138.69,1121.97,283.3718,40.0592,25.9013,15.8612,11.8853,5.55667,5.01683,2.90717,3.17733,0.79317,3.49033,2.06200,0.47617,0.63433,0.13200,0.000E+00,1.10050,121.6545,14.7547,0.89200,22.5976,1.16197,1.47098,0.80055,0.041032,1.11648,0.000E+00,0.90918,1.37455,1.32318,0.64151,1.66185,2.03551,-0.37882,0.071251,0.10457,0.019906,0.0069515,0.0040528,0.0059105,0.048217,0.094803,0.0086017,0.0058554,0.0015326,0.0051034,0.31005,727.1363
