Radiation Transfer Project/raw_data/2016/merged_2016/sarp-mrg60_dc8_20160618_RA_20240729T133950.ict
103, 1001
Suborbital Science Data for Atmospheric Composition
NASA Langley Research Center
Merged Flight#20160618, on the DC8 platform. Data is merged to 60.000000 seconds. This merge was created on the Custom Data Merging tool.
SARP
1,1
2016,06,18, 2024, 7, 29
0
Time_Start, seconds, start time of the merge period
70
1, 1, 1, 1, 1, 1, 1, 1, 1, 1, 1, 1, 1, 1, 1, 1, 1, 1, 1, 1, 1, 1, 1, 1, 1, 1, 1, 1, 1, 1, 1, 1, 1, 1, 1, 1, 1, 1, 1, 1, 1, 1, 1, 1, 1, 1, 1, 1, 1, 1, 1, 1, 1, 1, 1, 1, 1, 1, 1, 1, 1, 1, 1, 1, 1, 1, 1, 1, 1, 1
-999999, -999999, -999999, -999999, -999999, -999999, -999999, -999999, -999999, -999999, -999999, -999999, -999999, -999999, -999999, -999999, -999999, -999999, -999999, -999999, -999999, -999999, -999999, -999999, -999999, -999999, -999999, -999999, -999999, -999999, -999999, -999999, -999999, -999999, -999999, -999999, -999999, -999999, -999999, -999999, -999999, -999999, -999999, -999999, -999999, -999999, -999999, -999999, -999999, -999999, -999999, -999999, -999999, -999999, -999999, -999999, -999999, -999999, -999999, -999999, -999999, -999999, -999999, -999999, -999999, -999999, -999999, -999999, -999999, -999999
Time_Stop, seconds, stop time of the merge period
Day_Of_Year,  day beginning January 1 {dataID = SARP-HSKPING}
Latitude,  deg {dataID = SARP-HSKPING}
Longitude,  deg {dataID = SARP-HSKPING}
Pressure_Altitude,  ft {dataID = SARP-HSKPING}
Static_Air_Temp,  Celcius {dataID = SARP-HSKPING}
Static_Pressure,  mb {dataID = SARP-HSKPING}
Solar_Zenith_Angle,  deg {dataID = SARP-HSKPING}
nLAS_stdPT_ANDERSON,  #/cm3,  Number concentration of aerosols between 0.1 and 5 um measured by TSI LAS {dataID = SARP-LARGE-LAS}
vLAS_stdPT_ANDERSON,  um3/cm3,  Volume concentration of aerosols between 0.1 and 5 um measured by TSI LAS {dataID = SARP-LARGE-LAS}
LAS_bin01_stdPT_ANDERSON,  #/cm3,  number size distribution of aerosols (dNdlogD), bin center EQ 100nm measured by the TSI LAS {dataID = SARP-LARGE-LAS}
LAS_bin02_stdPT_ANDERSON,  #/cm3,  number size distribution of aerosols (dNdlogD), bin center EQ 112nm measured by the TSI LAS {dataID = SARP-LARGE-LAS}
LAS_bin03_stdPT_ANDERSON,  #/cm3,  number size distribution of aerosols (dNdlogD), bin center EQ 126nm measured by the TSI LAS {dataID = SARP-LARGE-LAS}
LAS_bin04_stdPT_ANDERSON,  #/cm3,  number size distribution of aerosols (dNdlogD), bin center EQ 141nm measured by the TSI LAS {dataID = SARP-LARGE-LAS}
LAS_bin05_stdPT_ANDERSON,  #/cm3,  number size distribution of aerosols (dNdlogD), bin center EQ 158nm measured by the TSI LAS {dataID = SARP-LARGE-LAS}
LAS_bin06_stdPT_ANDERSON,  #/cm3,  number size distribution of aerosols (dNdlogD), bin center EQ 178nm measured by the TSI LAS {dataID = SARP-LARGE-LAS}
LAS_bin07_stdPT_ANDERSON,  #/cm3,  number size distribution of aerosols (dNdlogD), bin center EQ 200nm measured by the TSI LAS {dataID = SARP-LARGE-LAS}
LAS_bin08_stdPT_ANDERSON,  #/cm3,  number size distribution of aerosols (dNdlogD), bin center EQ 224nm measured by the TSI LAS {dataID = SARP-LARGE-LAS}
LAS_bin09_stdPT_ANDERSON,  #/cm3,  number size distribution of aerosols (dNdlogD), bin center EQ 251nm measured by the TSI LAS {dataID = SARP-LARGE-LAS}
LAS_bin10_stdPT_ANDERSON,  #/cm3,  number size distribution of aerosols (dNdlogD), bin center EQ 282nm measured by the TSI LAS {dataID = SARP-LARGE-LAS}
[...]
[from data line 316]
80130,80190,170,34.916947,-117.800485,8671.22,12.2050,733.5850,32.9283,309.4768,1.57383,1509.72,1289.40,1060.53,772.5667,531.7447,301.7062,237.1598,178.4667,130.1160,81.1760,46.3970,32.2402,8.44967,3.17467,1.85200,1.19317,0.52900,0.39750,0.000E+00,0.79433,0.19750,0.000E+00,0.15883,0.15817,0.15883,0.15767,0.13250,0.000E+00,1.44317,3.81800,0.58017, -999999,1.45598,0.27194,0.050000,0.078033,0.0015785,1.50392,0.000E+00,0.67424,1.43508,1.30138,0.61759,1.69554,2.00448,-0.46031,0.10114,0.094565,0.020373,0.0041403,0.0045458,0.0047832,0.073461,0.091288,0.0073428,0.0020831,0.0023732,0.0028442,0.93186,20.0587
80190,80250,170,34.995449,-117.799650,7160.62,16.7933,777.1800,33.1517,333.3855,1.47433,1720.70,1471.06,1147.69,819.4867,540.2557,309.9287,210.6265,163.9420,118.5817,81.9813,39.6760,25.3727,7.40633,0.000E+00,2.38000,1.59083,0.26517,1.58783,0.79400,1.05767,0.39717,0.15883,0.31833,0.15883,0.47583,0.15867,0.000E+00,0.000E+00,1.38183,3.65950,0.38017, -999999,1.36993,0.32400,0.033954,0.091977,-6.563E-04,1.43874,0.000E+00,0.70929,1.41204,1.29214,0.59482,1.68746,1.96049,-0.49786,0.10148,0.097654,0.017712,0.0044618,0.0041354,0.0038972,0.074074,0.094136,0.0056900,0.0030733,0.0021686,0.0053583,0.68747,19.5303
80250,80310,170,35.039410,-117.871238,5640.40,21.6817,823.1483,33.3017,376.2420,1.37617,2054.92,1653.16,1326.22,941.6605,583.1523,305.9457,205.4700,170.8493,115.0322,79.5785,45.6372,26.1737,5.81167,2.77933,0.79283,0.79633,0.26467,0.39800,1.58700,0.79383,0.99250,0.15800,0.31650,0.31517,0.000E+00,0.000E+00,0.13100,0.000E+00,1.32733,3.11183,0.39667, -999999,1.30646,0.38859,0.040446,0.10222,0.0012595,1.37894,0.000E+00,0.65652,1.45542,1.33044,0.63867,1.62982,2.02036,-0.35257,0.098911,0.11079,0.016650,0.0047195,0.0039826,0.0055265,0.071021,0.10833,0.0043115,0.0032969,0.0018979,0.0064612,0.55939,17.5400
80310,80370,170,35.007988,-117.941820,4474.72,25.3750,859.7850,33.4417,370.8845,1.38933,1974.36,1704.53,1297.03,953.5178,582.3478,290.8112,187.5552,152.5818,123.7938,69.8162,40.0535,23.2703,8.98850,1.18617,1.32050,1.98517,1.05400,0.000E+00,0.26200,0.52800,0.39717,0.000E+00,0.32000,0.31817,0.000E+00,0.31700,0.000E+00,0.000E+00,1.28333,3.20867,0.40467, -999999,1.33976,0.40944,0.051584,0.10275,0.0052478,1.32873,0.000E+00,0.60635,1.44012,1.28560,0.57067,1.66770,1.93984,-0.52638,0.10442,0.091507,0.020401,0.0050465,0.0046971,0.0064847,0.078236,0.088900,0.0081112,0.0037182,0.0018788,0.0033581,0.86498,19.7565
80370,80430,170,34.945441,-117.927807,4109.00,26.7100,871.5750,33.6400,273.1463,1.00167,1390.30,1190.58,938.5310,690.9163,441.3692,243.2170,165.4073,135.3802,110.6420,76.4143,41.2570,22.4555,9.52300,1.19117,1.05750,0.39700,0.26517,0.000E+00,0.52883,0.79183,0.39667,0.15967,0.47533,0.15900,0.000E+00,0.15983,0.000E+00,0.000E+00,1.27400,2.96083,0.30200, -999999,1.30455,0.31671,0.031341,0.076458,0.0049300,1.30447,0.000E+00,0.59161,1.46373,1.26885,0.55845,1.70565,1.92762,-0.58869,0.099469,0.088223,0.021387,0.0045214,0.0049063,0.0050548,0.072158,0.086673,0.0085061,0.0033159,0.0017124,0.0016356,0.89158,16.5957
80430,80490,170,34.897633,-117.891812,3908.38,27.4750,878.1000,33.8700,302.9693,0.70767,1564.67,1326.35,1068.08,752.8993,480.7025,267.7270,188.1093,148.1808,115.8530,71.6948,42.4900,16.6607,7.93767,1.58817,2.11800,1.19000,1.05717,0.79400,0.26400,0.000E+00,0.19767,0.000E+00,0.000E+00,0.31750,0.000E+00,0.000E+00,0.000E+00,0.000E+00,1.26617,3.40583,0.40183, -999999,1.26334,0.32226,0.032378,0.082138,0.0054118,1.28583,0.000E+00,0.62572,1.49777,1.30997,0.59216,1.61745,1.97318,-0.43314,0.098899,0.097283,0.022506,0.0029532,0.0035295,0.0050620,0.062484,0.095660,0.0082381,0.0025665,0.0013807,0.0017527,0.90375,19.1068
80490,80550,170,34.895093,-117.844750,3327.77,29.2417,897.2067,34.1050,267.3307,1.19550,1339.09,1155.82,912.9242,621.1248,420.9693,257.3912,193.8260,164.3942,112.1757,86.6643,44.7765,24.8337,6.08000,1.58500,1.05367,0.39600,0.79150,0.39700,0.79033,0.000E+00,0.000E+00,0.15833,0.31733,0.000E+00,0.15783,0.000E+00,0.13267,0.000E+00,1.24900,3.38550,0.25517, -999999,1.26800,0.27380,0.042318,0.067400,0.0028990,1.26111,0.000E+00,0.58939,1.43826,1.29765,0.56422,1.60957,1.92793,-0.48118,0.10047,0.093910,0.020218,0.0023689,0.0033096,0.0052876,0.066425,0.090676,0.0070340,0.0032627,0.0016938,0.0030197,0.91442,17.3140
80550,80610,170,34.931041,-117.847116,2506.05,31.8217,924.8150,34.3117,313.9817,2.20000,1562.09,1367.41,1062.87,765.6248,511.7737,306.1265,215.3332,178.9185,131.6538,91.1857,44.8218,25.6323,8.19200,0.39617,2.37600,1.19067,1.05800,0.000E+00,0.52733,0.53017,0.19850,0.15817,0.31617,0.000E+00,0.000E+00,0.000E+00,0.13200,0.15867,1.22117,3.51633,0.38133, -999999,1.28326,0.32504,0.042837,0.082600,0.011317,1.23507,0.000E+00,0.59016,1.39706,1.26888,0.53726,1.66289,1.88634,-0.58844,0.095601,0.085299,0.020573,0.0037895,0.0043745,0.0048914,0.065906,0.083063,0.0078939,0.0040404,0.0012850,0.0060064,0.90293,18.3638
80610,80670,170,34.966914,-117.879868,3185.83,29.6700,902.0017,34.4917,263.5973,0.68700,1368.82,1146.88,887.2140,668.4778,432.8990,243.5337,162.2860,124.5652,98.7832,66.3743,41.2488,18.5082,6.08467,0.79117,1.85300,0.39417,0.53217,0.000E+00,0.000E+00,0.000E+00,0.39650,0.47633,0.31783,0.15900,0.000E+00,0.000E+00,0.000E+00,0.000E+00,1.24150,3.43967,0.26483, -999999,1.22317,0.31078,0.028968,0.080424,0.010252,1.26888,0.000E+00,0.62766,1.39665,1.24828,0.46743,1.66112,1.82214,-0.72618,0.10847,0.070072,0.024125,0.0035602,0.0038908,0.0031255,0.068197,0.066710,0.0095081,0.0025469,0.0028490,0.0048255,0.65310,18.3317
80670,80730,170,34.989513,-117.852116,4460.42,25.5550,860.2600,34.7167,302.1083,0.74100,1572.31,1325.13,1064.88,771.5222,477.9188,263.6955,183.2750,139.6532,101.5413,68.7850,39.6633,18.2523,6.61450,2.37500,3.43800,0.39500,0.26417,0.000E+00,0.79700,0.000E+00,0.19850,0.15833,0.15950,0.31633,0.000E+00,0.000E+00,0.000E+00,0.000E+00,1.28333,3.02517,0.31317, -999999,1.28439,0.34332,0.032799,0.089604,0.0083389,1.30408,0.000E+00,0.63036,1.44014,1.26411,0.51224,1.62877,1.86896,-0.60424,0.10317,0.088063,0.020215,0.0035227,0.0040732,0.0045644,0.065934,0.084616,0.0051704,0.0021075,0.0025622,0.0041968,0.32484,14.8422
80730,80790,170,34.941634,-117.828537,4489.17,25.4000,859.3250,34.9350,309.1288,1.49800,1554.03,1343.14,1073.82,752.6912,509.9722,271.3068,206.3155,167.9432,140.5133,77.4915,48.4322,21.1603,8.45850,1.18750,1.32017,1.18900,0.26517,0.000E+00,0.52800,0.52567,0.19750,0.31767,0.000E+00,0.15800,0.000E+00,0.47567,0.000E+00,0.000E+00,1.28417,3.14350,0.27300, -999999,1.38243,0.30561,0.043181,0.081465,3.084E-04,1.31724,0.000E+00,0.65676,1.42090,1.31346,0.59006,1.60079,1.95519,-0.42061,0.095364,0.10679,0.015523,0.0035364,0.0039642,0.0045154,0.064521,0.10460,0.0010311,0.0025064,0.0017538,0.0021621,0.49260,20.8427
80790,80850,170,34.876542,-117.829562,4360.62,26.0033,863.4433,35.1283,280.8352,1.50417,1370.41,1191.08,968.6648,692.6725,453.3277,271.0310,190.9460,169.8893,125.4092,91.7997,47.6375,24.8730,8.73133,0.79267,2.12183,1.18600,0.52867,1.98717,1.05983,0.000E+00,0.000E+00,0.15867,0.15933,0.47800,0.16000,0.31733,0.000E+00,0.000E+00,1.28000,3.55500,0.37267, -999999,1.26263,0.28653,0.042999,0.072986,0.0025265,1.31405,0.000E+00,0.60739,1.43077,1.32124,0.61279,1.61617,1.98885,-0.39050,0.098671,0.10828,0.015610,0.0035676,0.0038676,0.0025838,0.068300,0.10604,0.0014324,0.0036203,0.0020365,0.0012987,0.93576,20.4392
80850,80910,170,34.808436,-117.834064,4358.57,26.3050,863.5067,35.3167,181.7763,0.86050,885.7455,730.7595,553.8447,424.4360,309.7137,189.9085,151.5902,134.6310,110.6982,68.2417,41.2702,19.8385,8.22033,1.59017,1.31883,0.39783,0.53033,0.000E+00,0.79317,0.26583,0.39750,0.15883,0.000E+00,0.000E+00,0.15883,0.15950,0.000E+00,0.000E+00,1.28000,3.24083,0.18650, -999999,0.99838,0.23237,0.041102,0.053633,0.0051703,1.32136,0.000E+00,0.54527,1.59763,1.25189,0.52096,1.69461,1.87355,-0.65263,0.11331,0.080753,0.018250,0.0046270,0.0050693,0.0044657,0.074952,0.077548,0.0017015,0.0041051,0.0024898,0.0087526,0.81889,18.3370
80910,80970,170,34.739147,-117.844340,4356.80,26.3600,863.5633,35.5017,228.9590,1.61383,1101.44,875.9690,698.8330,510.3412,397.8843,267.5950,186.3857,182.6920,141.5625,102.8475,59.4708,34.1110,10.8322,1.18900,1.32100,0.78833,0.79333,0.000E+00,0.79450,1.05350,0.39700,0.16033,0.15933,0.63383,0.000E+00,0.15900,0.13167,0.000E+00,1.28183,4.24150,0.49400, -999999,1.64999,0.23315,0.053556,0.054496,-0.0015615,1.31851,0.000E+00,0.55138,1.38906,1.26047,0.54688,1.71020,1.91899,-0.61644,0.11152,0.072222,0.019405,0.0050033,0.0048511,0.0063181,0.073748,0.069561,0.0038296,0.0037111,0.0021995,0.0093585,0.84797,23.1548
80970,81030,170,34.681579,-117.859050,4383.32,26.2300,862.7133,35.6833,387.2040,1.54083,1705.86,1454.34,1192.21,943.6797,709.2415,448.7917,330.0332,310.2255,257.4435,195.4625,102.3547,58.7122,17.9865,3.17167,3.17517,2.78050,1.58567,1.98500,0.79350,0.52950,0.59400,0.31800,0.31700,0.31833,0.31733,0.000E+00,0.000E+00,0.000E+00,1.28250,7.03267,0.82150, -999999,2.70682,0.28194,0.092892,0.080313,-0.0080832,1.30698,0.000E+00,0.63944,1.35427,1.30020,0.59576,1.66025,1.98486,-0.46874,0.10363,0.093262,0.019090,0.0038156,0.0038382,0.0062068,0.071269,0.090897,0.0045200,0.0026317,0.0019195,0.0045798,0.89660,37.0770
81030,81090,170,34.644656,-117.898225,4424.87,26.2233,861.3800,35.8517,533.5695,2.01350,2297.58,1973.52,1576.45,1300.32,1039.06,629.7570,475.2578,424.7010,385.2370,270.2563,161.0368,90.1863,32.5250,6.34600,1.58767,1.98500,0.52650,1.18683,0.26583,0.26383,0.39767,0.31667,0.47617,0.15917,0.15917,0.15883,0.000E+00,0.000E+00,1.28700,9.73133,1.12983, -999999,3.98071,0.32276,0.13249,0.10042,0.0078137,1.30914,0.000E+00,0.61691,1.32223,1.27618,0.56536,1.69046,1.94470,-0.55973,0.10606,0.083915,0.018354,0.0041697,0.0040930,0.0064576,0.077494,0.081566,0.0044182,0.0028851,0.0020039,0.0060983,0.81864,52.6082
81090,81150,170,34.638466,-117.954639,4229.85,26.6817,867.6750,36.0117,581.4468,2.50700,2440.51,2133.46,1804.99,1482.99,1101.76,688.9857,534.3572,457.4518,401.1220,268.4673,172.4153,103.0812,25.6340,2.38000,4.49550,1.58417,0.000E+00,0.39650,0.26433,0.79217,0.000E+00,0.31733,0.63417,0.47417,0.15867,0.31733,0.000E+00,0.000E+00,1.28050,9.72250,1.17500, -999999,4.14097,0.39471,0.14283,0.11630,0.0091660,1.30497,0.000E+00,0.61408,1.34822,1.29557,0.60663,1.69877,2.00056,-0.48552,0.10557,0.086051,0.017889,0.0047969,0.0042613,0.0059045,0.077065,0.083550,0.0038180,0.0031169,0.0022609,0.0044633,0.78120,58.0370
81150,81210,170,34.636681,-118.003438,3470.60,29.0117,892.4800,36.1667,615.9875,2.39583,2562.88,2234.02,1898.97,1572.38,1177.56,726.5398,559.7500,518.3228,429.5873,315.7507,179.6760,100.4740,25.1288,5.15517,3.69683,3.57200,1.05467,0.79550,0.52700,0.26617,0.39700,0.47550,0.000E+00,0.47533,0.31717,0.15883,0.000E+00,0.000E+00,1.25367,10.0290,1.22650, -999999, -999999, -999999, -999999, -999999, -999999, -999999, -999999,0.56556, -999999,1.28830,0.60991,1.67218,2.00843,-0.45238,0.10942,0.087025,0.019072,0.0045281,0.0037726,0.0059380,0.079491,0.084662,0.0043219,0.0017016,0.0017630,0.0043178, -999999,54.2595
81210,81270,170,34.633991,-118.050636,2784.60,30.8667,915.3700,36.3433,683.6882,2.61100,2811.50,2438.60,2124.66,1737.40,1331.16,783.4842,634.2870,596.0423,478.3613,359.1068,212.2010,115.5568,36.2395,5.16767,2.91250,1.98367,1.32383,0.000E+00,0.000E+00,0.52883,0.19850,0.15917,0.31733,0.47483,0.31933,0.15817,0.000E+00,0.000E+00,1.22883,11.6713,1.44717, -999999, -999999, -999999, -999999, -999999, -999999, -999999, -999999, -999999, -999999,1.27000, -999999, -999999, -999999, -999999, -999999, -999999, -999999, -999999, -999999, -999999, -999999, -999999, -999999, -999999, -999999, -999999, -999999,76.7287
81270,81330,170,34.631815,-118.091627,2385.97,33.2667,928.8817,36.5100,586.3386,4.26929,2421.07,2070.19,1825.83,1447.54,1103.42,648.6829,495.1021,531.7821,513.7679,302.7486,212.6586,98.6729,36.2786,3.40143,5.67500,3.39571,1.13429,0.000E+00,0.000E+00,0.000E+00,0.000E+00,0.000E+00,0.67929,0.67929,0.000E+00,1.35500,0.000E+00,0.000E+00,1.22000,10.5100,1.57167, -999999, -999999, -999999, -999999, -999999, -999999, -999999, -999999, -999999, -999999,1.27000, -999999, -999999, -999999, -999999, -999999, -999999, -999999, -999999, -999999, -999999, -999999, -999999, -999999, -999999, -999999, -999999, -999999,85.3578
81330,81390,170,34.631744,-118.104291,2420.48,33.1467,927.7067,36.7017, -999999, -999999, -999999, -999999, -999999, -999999, -999999, -999999, -999999, -999999, -999999, -999999, -999999, -999999, -999999, -999999, -999999, -999999, -999999, -999999, -999999, -999999, -999999, -999999, -999999, -999999, -999999, -999999, -999999, -999999, -999999, -999999, -999999, -999999, -999999, -999999, -999999, -999999, -999999, -999999, -999999, -999999, -999999, -999999, -999999, -999999, -999999, -999999, -999999, -999999, -999999, -999999, -999999, -999999, -999999, -999999, -999999, -999999, -999999, -999999, -999999,63.6935
81390,81450,170,34.633352,-118.102680,2414.43,33.8867,927.9067,36.9083, -999999, -999999, -999999, -999999, -999999, -999999, -999999, -999999, -999999, -999999, -999999, -999999, -999999, -999999, -999999, -999999, -999999, -999999, -999999, -999999, -999999, -999999, -999999, -999999, -999999, -999999, -999999, -999999, -999999, -999999, -999999, -999999, -999999, -999999, -999999, -999999, -999999, -999999, -999999, -999999, -999999, -999999, -999999, -999999, -999999, -999999, -999999, -999999, -999999, -999999, -999999, -999999, -999999, -999999, -999999, -999999, -999999, -999999, -999999, -999999, -999999,81.1620
81450,81510,170,34.633677,-118.096866,2409.62,34.0433,928.0817,37.1167, -999999, -999999, -999999, -999999, -999999, -999999, -999999, -999999, -999999, -999999, -999999, -999999, -999999, -999999, -999999, -999999, -999999, -999999, -999999, -999999, -999999, -999999, -999999, -999999, -999999, -999999, -999999, -999999, -999999, -999999, -999999, -999999, -999999, -999999, -999999, -999999, -999999, -999999, -999999, -999999, -999999, -999999, -999999, -999999, -999999, -999999, -999999, -999999, -999999, -999999, -999999, -999999, -999999, -999999, -999999, -999999, -999999, -999999, -999999, -999999, -999999,10.4390
81510,81570,170,34.634050,-118.090053,2400.65,34.0200,928.3717,37.3267, -999999, -999999, -999999, -999999, -999999, -999999, -999999, -999999, -999999, -999999, -999999, -999999, -999999, -999999, -999999, -999999, -999999, -999999, -999999, -999999, -999999, -999999, -999999, -999999, -999999, -999999, -999999, -999999, -999999, -999999, -999999, -999999, -999999, -999999, -999999, -999999, -999999, -999999, -999999, -999999, -999999, -999999, -999999, -999999, -999999, -999999, -999999, -999999, -999999, -999999, -999999, -999999, -999999, -999999, -999999, -999999, -999999, -999999, -999999, -999999, -999999,0.10324
81570,81630,170,34.634442,-118.082851,2396.18,34.2250,928.5467,37.5367, -999999, -999999, -999999, -999999, -999999, -999999, -999999, -999999, -999999, -999999, -999999, -999999, -999999, -999999, -999999, -999999, -999999, -999999, -999999, -999999, -999999, -999999, -999999, -999999, -999999, -999999, -999999, -999999, -999999, -999999, -999999, -999999, -999999, -999999, -999999, -999999, -999999, -999999, -999999, -999999, -999999, -999999, -999999, -999999, -999999, -999999, -999999, -999999, -999999, -999999, -999999, -999999, -999999, -999999, -999999, -999999, -999999, -999999, -999999, -999999, -999999, -999999
