Radiation Transfer Project/raw_data/2016/merged_2016/sarp-mrg60_dc8_20160618_RA_20240729T133950.ict
103, 1001
Suborbital Science Data for Atmospheric Composition
NASA Langley Research Center
Merged Flight#20160618, on the DC8 platform. Data is merged to 60.000000 seconds. This merge was created on the Custom Data Merging tool.
SARP
1,1
2016,06,18, 2024, 7, 29
0
Time_Start, seconds, start time of the merge period
70
1, 1, 1, 1, 1, 1, 1, 1, 1, 1, 1, 1, 1, 1, 1, 1, 1, 1, 1, 1, 1, 1, 1, 1, 1, 1, 1, 1, 1, 1, 1, 1, 1, 1, 1, 1, 1, 1, 1, 1, 1, 1, 1, 1, 1, 1, 1, 1, 1, 1, 1, 1, 1, 1, 1, 1, 1, 1, 1, 1, 1, 1, 1, 1, 1, 1, 1, 1, 1, 1
-999999, -999999, -999999, -999999, -999999, -999999, -999999, -999999, -999999, -999999, -999999, -999999, -999999, -999999, -999999, -999999, -999999, -999999, -999999, -999999, -999999, -999999, -999999, -999999, -999999, -999999, -999999, -999999, -999999, -999999, -999999, -999999, -999999, -999999, -999999, -999999, -999999, -999999, -999999, -999999, -999999, -999999, -999999, -999999, -999999, -999999, -999999, -999999, -999999, -999999, -999999, -999999, -999999, -999999, -999999, -999999, -999999, -999999, -999999, -999999, -999999, -999999, -999999, -999999, -999999, -999999, -999999, -999999, -999999, -999999
Time_Stop, seconds, stop time of the merge period
Day_Of_Year,  day beginning January 1 {dataID = SARP-HSKPING}
Latitude,  deg {dataID = SARP-HSKPING}
Longitude,  deg {dataID = SARP-HSKPING}
Pressure_Altitude,  ft {dataID = SARP-HSKPING}
Static_Air_Temp,  Celcius {dataID = SARP-HSKPING}
Static_Pressure,  mb {dataID = SARP-HSKPING}
Solar_Zenith_Angle,  deg {dataID = SARP-HSKPING}
nLAS_stdPT_ANDERSON,  #/cm3,  Number concentration of aerosols between 0.1 and 5 um measured by TSI LAS {dataID = SARP-LARGE-LAS}
vLAS_stdPT_ANDERSON,  um3/cm3,  Volume concentration of aerosols between 0.1 and 5 um measured by TSI LAS {dataID = SARP-LARGE-LAS}
LAS_bin01_stdPT_ANDERSON,  #/cm3,  number size distribution of aerosols (dNdlogD), bin center EQ 100nm measured by the TSI LAS {dataID = SARP-LARGE-LAS}
LAS_bin02_stdPT_ANDERSON,  #/cm3,  number size distribution of aerosols (dNdlogD), bin center EQ 112nm measured by the TSI LAS {dataID = SARP-LARGE-LAS}
LAS_bin03_stdPT_ANDERSON,  #/cm3,  number size distribution of aerosols (dNdlogD), bin center EQ 126nm measured by the TSI LAS {dataID = SARP-LARGE-LAS}
LAS_bin04_stdPT_ANDERSON,  #/cm3,  number size distribution of aerosols (dNdlogD), bin center EQ 141nm measured by the TSI LAS {dataID = SARP-LARGE-LAS}
LAS_bin05_stdPT_ANDERSON,  #/cm3,  number size distribution of aerosols (dNdlogD), bin center EQ 158nm measured by the TSI LAS {dataID = SARP-LARGE-LAS}
LAS_bin06_stdPT_ANDERSON,  #/cm3,  number size distribution of aerosols (dNdlogD), bin center EQ 178nm measured by the TSI LAS {dataID = SARP-LARGE-LAS}
LAS_bin07_stdPT_ANDERSON,  #/cm3,  number size distribution of aerosols (dNdlogD), bin center EQ 200nm measured by the TSI LAS {dataID = SARP-LARGE-LAS}
LAS_bin08_stdPT_ANDERSON,  #/cm3,  number size distribution of aerosols (dNdlogD), bin center EQ 224nm measured by the TSI LAS {dataID = SARP-LARGE-LAS}
LAS_bin09_stdPT_ANDERSON,  #/cm3,  number size distribution of aerosols (dNdlogD), bin center EQ 251nm measured by the TSI LAS {dataID = SARP-LARGE-LAS}
LAS_bin10_stdPT_ANDERSON,  #/cm3,  number size distribution of aerosols (dNdlogD), bin center EQ 282nm measured by the TSI LAS {dataID = SARP-LARGE-LAS}
[...]
[from data line 132]
69090,69150,170,35.411792,-118.980457,1594.88,19.5550,956.1983,15.6417,3025.72,6.30083,14750.7,13784.9,11209.4,8343.46,5661.03,2893.20,1606.55,935.5137,519.2822,300.6518,200.3327,181.6988,73.8065,20.2230,15.8702,3.17350,2.90867,1.18933,1.32433,0.79333,0.59400,0.79300,1.42633,0.95000,0.31750,0.000E+00,0.13317,0.000E+00,1.13033,22.4200,2.22317, -999999,10.0222,2.42955,5.40182,2.28519,0.026154,1.16288,0.000E+00,0.91621,1.48496,1.28180,0.57563,1.67309,1.96763,-0.52185,0.11229,0.075651,0.020337,0.0055303,0.0045463,0.0060413,0.078332,0.071649,0.0040105,0.0038379,0.0021377,0.0050746,0.12968,119.4680
69150,69210,170,35.358150,-118.937259,1424.42,20.0317,962.1750,15.4433,2311.04,4.23317,13082.7,11119.5,8263.98,5724.64,3641.58,1783.88,997.7727,620.8413,371.4250,240.2433,153.8650,133.9588,53.9123,9.12167,6.61867,3.96350,2.37683,1.58300,2.38883,0.52967,0.98817,0.15767,0.95233,0.31867,0.47333,0.000E+00,0.000E+00,0.000E+00,1.12833,15.9092,1.63700, -999999,7.61309,2.25627,3.04343,1.55049,0.014723,1.15548,0.000E+00,0.89364,1.49118,1.31036,0.61433,1.65832,2.01796,-0.42966,0.10876,0.083495,0.019321,0.0056990,0.0042084,0.0052770,0.078562,0.079915,0.0032073,0.0040858,0.0021364,0.0038494,0.14717,99.9822
69210,69270,170,35.297511,-118.919731,1367.82,19.9900,964.1600,15.2500,2071.00,4.86150,11891.2,9906.19,7501.88,4990.27,3166.33,1585.59,922.8042,576.2912,320.3535,219.1670,152.3405,111.6245,45.4802,8.33433,10.0518,3.17433,1.85167,1.98050,2.12117,0.26533,0.20033,0.15983,0.31767,0.15883,0.15983,0.000E+00,0.13167,0.15900,1.12567,14.2372,1.53800, -999999,6.86200,2.07292,2.88183,1.44814,-1.621E-04,1.15315,0.000E+00,0.89896,1.49381,1.30977,0.60199,1.63704,1.99943,-0.43306,0.10973,0.080113,0.019106,0.0054588,0.0043968,0.0065427,0.078897,0.077208,0.0029522,0.0038829,0.0026039,0.0050456,0.17552,90.2610
69270,69330,170,35.243739,-118.877518,1375.70,19.8817,963.8833,15.0500,1803.55,3.98117,10691.3,8580.20,6271.06,4150.18,2719.03,1427.31,847.2207,505.5097,333.5183,200.9310,137.6835,127.1957,48.6385,8.32000,6.86567,2.37983,2.11283,2.37917,1.05917,0.79417,1.18817,0.000E+00,1.42933,0.47633,0.47650,0.15750,0.000E+00,0.000E+00,1.12450,14.2007,1.36600, -999999,5.81031,1.82966,2.98753,1.39990,0.0091730,1.15089,0.000E+00,0.89846,1.51586,1.30624,0.61735,1.63250,2.02538,-0.39780,0.10975,0.078568,0.018945,0.0060358,0.0041560,0.0060452,0.079313,0.075529,0.0030441,0.0042638,0.0026482,0.0044498,0.17753,83.2343
69330,69390,170,35.193158,-118.833425,1376.00,20.1700,963.8683,14.8550,1378.89,3.56800,8705.20,6562.16,4605.55,3017.77,1879.62,1066.54,615.4897,397.9082,247.2165,179.1433,127.6093,98.5320,41.4747,10.2918,6.86800,2.77817,1.85033,1.18700,1.32467,2.37867,0.59583,0.47483,0.63233,0.95367,0.63300,0.15717,0.000E+00,0.000E+00,1.12517,12.2865,1.17983, -999999,4.74843,1.50833,2.02192,1.04589,0.011735,1.15219,0.000E+00,0.90105,1.51110,1.33170,0.63339,1.61651,2.03433,-0.34973,0.10909,0.087458,0.018447,0.0055113,0.0045522,0.0057898,0.081027,0.084812,0.0036270,0.0040134,0.0024337,0.0050007,0.18004,71.6228
69390,69450,170,35.159481,-118.853354,1351.72,20.5667,964.7283,14.7083,1277.90,3.64883,8201.15,6088.93,4171.97,2755.54,1745.37,951.8377,585.7157,367.9580,249.9282,176.3140,111.0370,83.5387,35.1735,6.34067,6.34050,3.95750,3.69383,2.38050,1.84500,1.05233,0.79083,0.15933,1.58500,0.47533,0.63417,0.31650,0.000E+00,0.000E+00,1.12883,11.2463,1.20767, -999999,4.83573,1.49908,2.23384,1.09583,0.014181,1.15244,0.000E+00,0.88668,1.51416,1.33928,0.66443,1.64529,2.07566,-0.31644,0.10489,0.091914,0.016591,0.0050930,0.0037017,0.0057610,0.081722,0.088438,0.0023721,0.0037682,0.0022906,0.0046150,0.15828,80.3150
69450,69510,170,35.206398,-118.891969,1223.42,20.3633,969.2517,14.6300,1710.63,5.17117,10100.1,8086.71,5948.71,4007.15,2530.51,1351.49,819.9243,508.4062,311.5660,201.8942,139.9603,116.2543,52.8170,9.89667,8.19483,4.76233,1.85117,1.58683,1.58333,1.58733,1.19450,0.31700,0.63383,0.47633,0.47533,0.47467,0.26500,0.000E+00,1.12000,15.0023,1.38583, -999999,6.00701,1.85975,3.87500,1.68429,0.0075767,1.14655,0.000E+00,0.92311,1.53019,1.30546,0.62435,1.64374,2.03458,-0.39502,0.11309,0.079173,0.018305,0.0056934,0.0042177,0.0056205,0.080953,0.076225,0.0021179,0.0041032,0.0019337,0.0034045,0.14258,81.4993
69510,69570,170,35.264408,-118.914701,1237.02,20.3967,968.7683,14.5717,1906.40,6.49250,11345.7,9180.99,6771.64,4414.05,2775.32,1436.12,832.7837,517.9530,310.7472,208.5478,148.5130,109.8767,42.8530,11.5123,7.68500,0.79483,2.12233,0.79383,1.05950,1.05583,0.39667,0.47700,0.95417,0.47767,0.47750,0.63450,0.52983,0.000E+00,1.12000,13.4625,1.35150, -999999,6.80704,2.03218,2.80014,1.41828,0.020882,1.14438,0.000E+00,0.89222,1.47714,1.29242,0.58222,1.66339,1.97410,-0.49894,0.11041,0.074288,0.019173,0.0056099,0.0043614,0.0061324,0.080073,0.070821,0.0034281,0.0036831,0.0019699,0.0046072,0.15973,86.1358
69570,69630,170,35.320094,-118.937451,1297.15,20.4717,966.6483,14.5000,2253.22,5.60850,12857.5,10755.7,8124.64,5556.15,3519.00,1713.65,993.9463,597.5337,364.4792,232.9542,145.1825,124.7815,48.1323,4.75617,6.34217,3.96467,3.17483,0.79533,2.11950,1.32100,1.18850,0.31750,0.79533,0.63600,0.63417,0.47433,0.13233,0.000E+00,1.12233,14.9057,1.65283, -999999,8.07249,2.27594,3.54586,1.72061,0.025329,1.14581,0.000E+00,0.90736,1.48171,1.29372,0.59073,1.67484,1.98492,-0.49339,0.11094,0.078164,0.019915,0.0056622,0.0046417,0.0060815,0.080308,0.074250,0.0036080,0.0040366,0.0022630,0.0043617,0.16285,91.0575
69630,69690,170,35.363919,-118.971306,1418.08,20.3050,962.3933,14.4150,2651.39,5.22500,14051.8,12448.4,9692.51,7001.96,4479.48,2281.92,1212.99,748.1860,435.7935,260.1150,161.5550,140.4888,66.9473,14.6880,13.2247,4.37150,2.11733,1.58717,1.85400,1.32400,1.18767,0.31767,0.47833,0.79517,0.15817,0.31667,0.000E+00,0.000E+00,1.12983,18.3417,2.08483, -999999,9.43750,2.43791,4.51228,2.02517,0.024481,1.14210,0.000E+00,0.90430,1.48131,1.28547,0.58928,1.68499,1.97674,-0.50641,0.10912,0.079890,0.019976,0.0052255,0.0044341,0.0058429,0.079991,0.076037,0.0042320,0.0041261,0.0019827,0.0041159,0.15259,115.8968
69690,69750,170,35.394724,-119.008935,1049.68,21.2333,975.4083,14.3467,2928.13,11.0283,15547.2,13657.1,10674.6,7650.28,5040.69,2493.94,1417.74,846.6702,476.8927,279.8993,183.2195,165.5132,74.2428,17.8432,14.2667,5.94717,2.11583,2.38083,1.85133,2.11483,0.79317,0.63450,0.63367,0.95050,0.47467,0.15817,0.000E+00,0.000E+00,1.11683,19.2482,2.15033, -999999,10.3840,2.71430,4.35694,2.03836,0.0017324,1.12961,0.000E+00,0.89241,1.45938,1.27394,0.56220,1.69366,1.94461,-0.56924,0.10920,0.077745,0.020419,0.0052388,0.0042904,0.0062008,0.077897,0.072994,0.0050776,0.0042147,0.0022051,0.0051031,0.16298,117.3017
69750,69810,170,35.424925,-119.045424,528.0500,22.8500,994.0633,14.2767,2211.42,6.12467,13398.0,10818.7,7822.80,5107.09,3172.07,1600.90,916.0885,521.2698,330.2872,212.8018,138.3593,105.4830,49.7045,10.6960,7.67367,3.98100,1.58400,3.16800,1.58617,0.79317,0.39450,0.15867,0.79367,0.63150,0.15883,0.000E+00,0.39667,0.15850,1.10300,13.4467,1.70383, -999999,7.86565,2.45307,1.93406,1.24749,-0.0037804,1.11515,0.000E+00,0.84495,1.43337,1.26976,0.55423,1.69385,1.93240,-0.58538,0.10897,0.072198,0.021267,0.0049632,0.0043071,0.0067707,0.078463,0.068346,0.0049556,0.0033888,0.0023199,0.0050647,0.21342,105.6575
69810,69870,170,35.464272,-119.081224,1262.72,20.0433,967.9100,14.2000,2126.47,9.67450,11676.4,10026.9,7688.57,5429.41,3517.32,1805.01,992.5442,566.9270,313.7682,203.6267,124.5008,108.3902,43.6437,7.93117,6.08217,3.96250,2.11500,3.16933,1.06033,0.79483,0.19783,0.63600,1.11300,0.47617,0.63283,0.15817,0.000E+00,0.000E+00,1.12133,13.9695,1.60383, -999999,7.85777,2.50240,3.00630,1.59982,0.010192,1.14480,0.000E+00,0.87830,1.45661,1.26904,0.55365,1.69635,1.93470,-0.58904,0.10929,0.071037,0.018827,0.0049648,0.0044251,0.0071843,0.078653,0.067051,0.0045582,0.0035252,0.0022945,0.0042755,0.19277,100.9258
69870,69930,170,35.522742,-119.104456,1491.43,19.4050,959.8167,14.1467,1770.50,6.11033,10424.5,8309.38,6160.21,4271.05,2802.59,1429.04,827.2213,493.0303,268.9910,172.9875,110.2810,79.0940,31.7187,7.55100,3.96650,3.96800,1.58817,3.17900,1.05900,0.79150,0.59400,0.31783,0.63567,1.11067,0.47600,0.31833,0.26500,0.15950,1.13000,11.3747,1.22433, -999999,7.74060,2.19641,2.14937,1.24215,0.017185,1.15533,0.000E+00,0.84665,1.40643,1.24322,0.51166,1.70917,1.87280,-0.68583,0.11472,0.066092,0.020641,0.0046264,0.0044082,0.0079614,0.083844,0.062476,0.0047806,0.0032864,0.0025664,0.0061887,0.20036,70.6357
69930,69990,170,35.577551,-119.095697,1540.65,19.4733,958.0933,14.0783,1481.33,3.55183,9225.89,7161.78,5099.95,3329.17,2109.22,1106.32,630.6985,382.3555,230.8310,155.5573,83.2698,67.9527,22.7423,3.57000,3.43683,1.58633,2.11367,0.79117,1.06033,1.31983,0.59800,0.63617,0.79350,0.63183,0.47650,0.31800,0.000E+00,0.000E+00,1.13033,10.2705,1.15133, -999999,7.10298,1.96509,1.58176,1.02657,0.0081107,1.15836,0.000E+00,0.85223,1.38511,1.23037,0.50147,1.73889,1.85737,-0.73593,0.11824,0.060241,0.019736,0.0046682,0.0047362,0.0073062,0.089503,0.055471,0.0041287,0.0032168,0.0024457,0.0059554,0.22751,69.2643
69990,70050,170,35.554222,-119.043531,1561.17,20.0350,957.3833,13.9350,2582.68,6.50417,13328.1,11921.9,9542.60,6966.18,4558.23,2294.41,1298.30,727.3508,398.1302,241.4995,155.5742,133.3247,53.4450,10.3108,7.92817,3.56017,2.38617,0.79417,1.58533,1.58683,0.59517,0.31733,0.63400,0.47700,0.31967,0.63350,0.26500,0.000E+00,1.13150,17.3655,1.64783, -999999,8.68489,2.49789,3.28901,1.68569,0.0026106,1.16130,0.000E+00,0.89160,1.45520,1.26284,0.53453,1.71032,1.90454,-0.64129,0.11341,0.072499,0.019907,0.0045660,0.0044029,0.0069656,0.084049,0.068124,0.0038728,0.0031296,0.0025298,0.0057190,0.18159,87.2223
70050,70110,170,35.497506,-119.007732,1717.22,19.9183,951.9383,13.7567,2851.74,5.45900,14594.6,13192.8,10738.9,7711.21,5014.61,2526.58,1374.78,787.7233,426.9612,244.1085,170.6450,145.7628,64.2828,12.6927,10.0567,4.75583,4.76167,0.79167,1.32500,1.84817,0.59450,0.47683,0.63683,0.63550,0.15883,0.31667,0.000E+00,0.000E+00,1.13800,19.2842,1.81717, -999999,10.1511,2.70964,4.33953,2.06338,0.0047333,1.16634,0.000E+00,0.90607,1.44623,1.25636,0.52796,1.70270,1.89560,-0.64677,0.11717,0.066865,0.019551,0.0051638,0.0046933,0.0072400,0.086878,0.062498,0.0040374,0.0034529,0.0021898,0.0059802,0.14599,92.3883
70110,70170,170,35.440866,-118.968288,1987.77,18.9967,942.6117,13.5933,2830.12,6.13733,13570.2,13090.7,10614.3,7975.99,5250.95,2667.66,1485.32,800.2400,450.1418,260.0858,163.4003,158.0705,75.1070,10.7035,11.9035,5.15633,2.37567,1.19050,1.32183,0.79383,0.99067,0.31900,0.79333,0.31683,0.47533,0.31733,0.13267,0.000E+00,1.14717,23.1810,2.22183, -999999,11.3525,2.66392,6.07546,2.51333,0.024412,1.17809,0.000E+00,0.90569,1.46947,1.26889,0.55775,1.70414,1.94075,-0.58861,0.11563,0.069467,0.019567,0.0053071,0.0043260,0.0061367,0.083345,0.064994,0.0035558,0.0036451,0.0024066,0.0045020,0.11825,120.1885
70170,70230,170,35.444269,-118.925731,3140.88,15.8983,903.4050,13.5000,3081.56,6.07433,14654.0,14235.0,11736.5,8669.62,5833.54,2875.03,1528.05,867.5792,473.4668,289.0658,201.5648,159.2148,62.4372,15.0627,12.4415,4.75900,2.91167,0.39667,2.91133,1.31933,0.59367,0.15900,1.26833,0.47717,0.31900,0.31817,0.000E+00,0.000E+00,1.18333,19.4540,1.86333, -999999,9.89312,2.47940,5.72886,2.38890,0.068971,1.21172,0.000E+00,0.90927,1.48789,1.28124,0.57835,1.69810,1.96917,-0.54138,0.11816,0.069122,0.020210,0.0059758,0.0041012,0.0058689,0.086701,0.064632,0.0039592,0.0045733,0.0022763,0.0041241,0.070102,104.0023
70230,70290,170,35.488142,-118.976320,2626.50,17.5033,920.7400,13.4233,3498.81,8.75433,15759.2,15667.2,13362.9,10223.0,7063.79,3557.44,1855.83,1065.92,557.2798,326.8875,214.0347,187.0730,86.4160,15.8577,11.6270,5.15750,2.90750,1.98150,1.58100,1.05767,0.79250,0.47667,1.26850,0.79233,0.63300,0.31733,0.13067,0.15850,1.16933,22.7862,1.97017, -999999,12.2389,2.77917,5.76587,2.50772,0.031769,1.20067,0.000E+00,0.91796,1.43470,1.24778,0.52367,1.75074,1.87772,-0.70341,0.11649,0.067854,0.019915,0.0048765,0.0045369,0.0065484,0.091988,0.061917,0.0050310,0.0038931,0.0022040,0.0052849,0.098201,93.6168
70290,70350,170,35.506755,-119.037693,2063.52,18.6700,939.9583,13.3833,2710.42,5.74833,13527.8,12240.9,9960.84,7496.88,5056.51,2595.18,1410.31,818.1368,458.9982,253.3828,154.7548,133.7840,64.0130,11.1115,9.25483,2.38150,2.11900,1.99017,2.90600,0.79450,0.39783,0.31667,0.95567,0.79267,0.63283,0.000E+00,0.13167,0.000E+00,1.15033,18.8027,1.67917, -999999,10.0324,2.94343,4.88506,2.26958,0.025520,1.17664,0.000E+00,0.89599,1.46700,1.26281,0.54056,1.69286,1.91547,-0.61177,0.11473,0.068505,0.020415,0.0053344,0.0047102,0.0068532,0.084226,0.064582,0.0048511,0.0038946,0.0024493,0.0040881,0.13104,92.7450
70350,70410,170,35.462900,-119.015487,1664.32,19.8833,953.7750,13.2483,2850.01,5.41800,14916.6,13252.2,10579.0,7626.33,4885.60,2528.10,1370.34,759.3502,439.6170,243.2923,163.7908,138.6115,62.1615,10.6848,7.67667,3.57267,2.11383,1.98417,1.31900,1.32800,0.59267,0.47683,1.11150,0.47700,0.47517,0.15833,0.000E+00,0.000E+00,1.13700,17.3465,1.74567, -999999,9.55882,2.80634,4.02615,1.96139,0.0096538,1.16391,0.000E+00,0.88011,1.47481,1.28603,0.57344,1.66998,1.95538,-0.52309,0.11237,0.074613,0.019473,0.0049416,0.0042920,0.0063636,0.082854,0.070949,0.0039667,0.0034725,0.0021790,0.0050414,0.13091,93.3628
70410,70470,170,35.426413,-118.951245,1875.08,19.5083,946.4700,13.1167,2848.94,6.06783,13995.2,13211.6,10740.9,7814.12,5271.99,2614.61,1405.92,797.5283,442.2483,253.8602,181.2258,133.5440,70.3857,17.0355,11.9088,2.38467,2.37300,3.16267,2.11517,0.52667,0.59650,0.63600,0.15950,0.79533,0.63283,0.16067,0.13133,0.000E+00,1.14300,21.0635,2.13433, -999999,10.0252,2.50447,4.74926,2.07604,0.016549,1.17605,0.000E+00,0.89344,1.49074,1.29611,0.59987,1.64965,1.99695,-0.44992,0.11195,0.078532,0.019059,0.0055743,0.0043813,0.0057200,0.080109,0.075387,0.0029447,0.0037962,0.0022860,0.0041930,0.11340,120.7790
70470,70530,170,35.456432,-118.914756,2461.73,18.0700,926.3067,13.0000,2996.75,5.75483,15117.1,14247.7,11179.5,8050.55,5321.37,2613.04,1429.05,815.5728,449.3270,272.1293,179.2840,156.3165,58.9682,15.0708,10.5723,1.98450,2.10700,1.59033,2.90300,2.11567,1.18950,0.95267,0.95683,0.79350,0.31783,0.15917,0.000E+00,0.000E+00,1.16350,19.0358,1.84167, -999999,9.85794,2.47814,4.90865,2.14907,0.031437,1.19450,0.000E+00,0.90473,1.49423,1.30428,0.61204,1.67683,2.01067,-0.45275,0.11472,0.079523,0.019084,0.0055983,0.0046049,0.0055331,0.084623,0.075846,0.0029344,0.0042419,0.0024882,0.0047822,0.097630,104.2562
70530,70590,170,35.492406,-118.982183,2205.35,18.7033,935.0667,13.0000,3210.06,6.68783,15095.5,14543.0,12225.1,9153.65,6204.54,3122.25,1678.60,919.8627,495.6847,296.3008,191.3025,152.3467,73.2923,15.4515,11.0923,5.16550,5.01900,2.78533,1.32683,1.06200,0.39733,0.47700,0.79383,0.95417,1.26867,0.000E+00,0.000E+00,0.000E+00,1.15683,22.4495,1.92533, -999999,11.5930,2.78340,5.23543,2.37150,0.022999,1.19055,0.000E+00,0.92150,1.43918,1.24518,0.52866,1.73691,1.88701,-0.67958,0.11621,0.068370,0.018970,0.0049713,0.0045793,0.0066357,0.089166,0.063095,0.0039001,0.0036253,0.0023420,0.0062977,0.088291,105.6265
70590,70650,170,35.544799,-119.032074,1741.22,19.7383,951.1133,13.0000,2812.07,5.38550,14040.4,12676.5,10518.3,7793.85,5194.57,2648.39,1454.17,831.8910,438.8932,256.5488,147.8047,133.1920,63.6738,15.4417,9.51767,4.36433,2.64700,2.37350,2.11133,1.58683,0.59617,0.79367,0.47533,0.31717,0.31767,0.000E+00,0.13250,0.000E+00,1.13933,18.6042,1.62150, -999999,9.94760,2.91984,3.97073,1.97440,0.013487,1.17063,0.000E+00,0.87575,1.44721,1.26088,0.52959,1.69179,1.89928,-0.63261,0.11367,0.068908,0.020174,0.0048466,0.0047315,0.0073413,0.081562,0.065004,0.0044051,0.0036297,0.0027439,0.0063161,0.12158,90.3252
