Radiation Transfer Project/raw_data/2016/merged_2016/sarp-mrg60_dc8_20160617_RA_20240729T133949.ict
103, 1001
Suborbital Science Data for Atmospheric Composition
NASA Langley Research Center
Merged Flight#20160617, on the DC8 platform. Data is merged to 60.000000 seconds. This merge was created on the Custom Data Merging tool.
SARP
1,1
2016,06,17, 2024, 7, 29
0
Time_Start, seconds, start time of the merge period
70
1, 1, 1, 1, 1, 1, 1, 1, 1, 1, 1, 1, 1, 1, 1, 1, 1, 1, 1, 1, 1, 1, 1, 1, 1, 1, 1, 1, 1, 1, 1, 1, 1, 1, 1, 1, 1, 1, 1, 1, 1, 1, 1, 1, 1, 1, 1, 1, 1, 1, 1, 1, 1, 1, 1, 1, 1, 1, 1, 1, 1, 1, 1, 1, 1, 1, 1, 1, 1, 1
-999999, -999999, -999999, -999999, -999999, -999999, -999999, -999999, -999999, -999999, -999999, -999999, -999999, -999999, -999999, -999999, -999999, -999999, -999999, -999999, -999999, -999999, -999999, -999999, -999999, -999999, -999999, -999999, -999999, -999999, -999999, -999999, -999999, -999999, -999999, -999999, -999999, -999999, -999999, -999999, -999999, -999999, -999999, -999999, -999999, -999999, -999999, -999999, -999999, -999999, -999999, -999999, -999999, -999999, -999999, -999999, -999999, -999999, -999999, -999999, -999999, -999999, -999999, -999999, -999999, -999999, -999999, -999999, -999999, -999999
Time_Stop, seconds, stop time of the merge period
Day_Of_Year,  day beginning January 1 {dataID = SARP-HSKPING}
Latitude,  deg {dataID = SARP-HSKPING}
Longitude,  deg {dataID = SARP-HSKPING}
Pressure_Altitude,  ft {dataID = SARP-HSKPING}
Static_Air_Temp,  Celcius {dataID = SARP-HSKPING}
Static_Pressure,  mb {dataID = SARP-HSKPING}
Solar_Zenith_Angle,  deg {dataID = SARP-HSKPING}
nLAS_stdPT_ANDERSON,  #/cm3,  Number concentration of aerosols between 0.1 and 5 um measured by TSI LAS {dataID = SARP-LARGE-LAS}
vLAS_stdPT_ANDERSON,  um3/cm3,  Volume concentration of aerosols between 0.1 and 5 um measured by TSI LAS {dataID = SARP-LARGE-LAS}
LAS_bin01_stdPT_ANDERSON,  #/cm3,  number size distribution of aerosols (dNdlogD), bin center EQ 100nm measured by the TSI LAS {dataID = SARP-LARGE-LAS}
LAS_bin02_stdPT_ANDERSON,  #/cm3,  number size distribution of aerosols (dNdlogD), bin center EQ 112nm measured by the TSI LAS {dataID = SARP-LARGE-LAS}
LAS_bin03_stdPT_ANDERSON,  #/cm3,  number size distribution of aerosols (dNdlogD), bin center EQ 126nm measured by the TSI LAS {dataID = SARP-LARGE-LAS}
LAS_bin04_stdPT_ANDERSON,  #/cm3,  number size distribution of aerosols (dNdlogD), bin center EQ 141nm measured by the TSI LAS {dataID = SARP-LARGE-LAS}
LAS_bin05_stdPT_ANDERSON,  #/cm3,  number size distribution of aerosols (dNdlogD), bin center EQ 158nm measured by the TSI LAS {dataID = SARP-LARGE-LAS}
LAS_bin06_stdPT_ANDERSON,  #/cm3,  number size distribution of aerosols (dNdlogD), bin center EQ 178nm measured by the TSI LAS {dataID = SARP-LARGE-LAS}
LAS_bin07_stdPT_ANDERSON,  #/cm3,  number size distribution of aerosols (dNdlogD), bin center EQ 200nm measured by the TSI LAS {dataID = SARP-LARGE-LAS}
LAS_bin08_stdPT_ANDERSON,  #/cm3,  number size distribution of aerosols (dNdlogD), bin center EQ 224nm measured by the TSI LAS {dataID = SARP-LARGE-LAS}
LAS_bin09_stdPT_ANDERSON,  #/cm3,  number size distribution of aerosols (dNdlogD), bin center EQ 251nm measured by the TSI LAS {dataID = SARP-LARGE-LAS}
LAS_bin10_stdPT_ANDERSON,  #/cm3,  number size distribution of aerosols (dNdlogD), bin center EQ 282nm measured by the TSI LAS {dataID = SARP-LARGE-LAS}
[...]
61950,62010,169,34.630756,-118.115724,3039.35,22.1167,906.9083,36.7983,1059.17,10.6136,910.2659,846.9779,898.3421,907.9096,1254.35,1711.26,2219.66,2711.75,2980.06,2719.13,2037.34,1511.35,412.9980,31.4914,12.7666,4.25964,3.39911,1.27857,1.41696,0.56768,0.84964,0.33929,0.84982,0.50982,0.50929,0.16964,0.14125,0.000E+00,1.20571,94.6343, -999999, -999999,16.9962,0.66240,1.35807,0.53237,0.040490,1.23797,0.000E+00,0.80455,1.43962,1.32191,0.71906,1.57936,2.14364,-0.14124,0.061780,0.10789,0.016620,0.011195,0.0035898,0.0059993,0.042828,0.10010,0.0044485,0.0089790,0.0017504,0.0050525,0.37070,294.6020
62010,62070,169,34.649954,-118.156637,4285.95,17.9283,865.9017,36.6300,2078.43,35.6135,1256.95,1253.58,1343.61,1576.32,2140.45,3057.45,4115.62,5304.48,6128.30,5930.63,4681.46,3510.24,1114.56,87.6732,30.6720,7.54783,6.07517,4.75783,1.58817,3.43533,0.59433,0.79100,1.11217,1.59050,0.63683,0.31867,0.39533,0.31717,1.24267,213.7927, -999999, -999999,23.3184,0.86438,2.16458,0.82348,0.083074,1.26840,0.022763,0.81426,1.44320,1.38013,0.72177,1.58449,2.14453,-0.14095,0.061583,0.10675,0.016617,0.011970,0.0037615,0.0058033,0.044125,0.098000,0.0040681,0.010468,0.0016453,0.0045811,0.34121,633.6382
62070,62130,169,34.684186,-118.105174,5920.82,15.0450,814.6317,36.3900,284.4738,4.33667,338.5375,319.4965,281.9588,274.6490,342.7393,403.1845,494.1468,645.0968,755.5630,679.6953,554.8492,425.8907,145.8188,14.2698,3.70017,1.58233,1.32117,0.79167,1.05750,1.32150,0.39733,0.15867,0.31833,0.15883,0.47633,0.000E+00,0.39700,0.000E+00,1.30833,38.7457, -999999, -999999,4.96728,0.43456,0.48588,0.21828,0.014975,1.34344,0.000E+00,0.59832,1.66723,1.33262, -888888, -888888, -888888, -888888, -888888, -888888, -888888, -888888, -888888, -888888, -888888, -888888, -888888, -888888, -888888, -888888, -888888,162.8500
62130,62190,169,34.693158,-118.018573,8347.92,10.2950,742.8133,36.1100,30.6122,0.093667,148.8510,113.4312,92.0037,72.1813,60.8115,42.5622,32.9173,21.6772,12.2965,7.93017,3.17083,2.11517,0.52833,0.000E+00,0.52833,0.000E+00,0.26483,0.000E+00,0.26450,0.000E+00,0.19817,0.15850,0.000E+00,0.000E+00,0.000E+00,0.000E+00,0.000E+00,0.000E+00,1.40917,1.35183, -999999, -999999,0.15966,0.18418,0.012703,0.030235,-0.0041107,1.45166,0.000E+00,0.45403,1.75000,1.27000, -888888, -888888, -888888, -888888, -888888, -888888, -888888, -888888, -888888, -888888, -888888, -888888, -888888, -888888, -888888, -888888, -888888,6.67467
62190,62250,169,34.703698,-117.925144,9703.75,8.31500,704.8683,35.8350,46.8228,0.099500,235.6163,190.2000,132.9367,107.0042,89.2830,58.6580,48.7548,34.3537,18.2310,10.8355,3.17283,2.64283,3.44117,0.79567,0.26250,0.000E+00,0.000E+00,0.000E+00,0.000E+00,0.26433,0.000E+00,0.000E+00,0.000E+00,0.000E+00,0.000E+00,0.000E+00,0.000E+00,0.000E+00,1.47833,0.82333,-0.61273, -999999,0.24707,0.27307,0.012522,0.039267,0.0022463,1.52970,0.000E+00,0.36813,1.75000,1.63925, -888888, -888888, -888888, -888888, -888888, -888888, -888888, -888888, -888888, -888888, -888888, -888888, -888888, -888888, -888888, -888888, -888888,2.49600
62250,62310,169,34.711116,-117.826603,9809.42,8.06833,701.9817,35.5550,51.6907,0.12283,242.9738,181.6087,155.9745,123.7027,112.8885,73.2337,54.3422,42.0330,19.8317,12.9545,5.15583,3.96433,2.64300,1.19050,0.26467,0.000E+00,0.26417,0.000E+00,0.52950,0.26483,0.000E+00,0.000E+00,0.000E+00,0.000E+00,0.000E+00,0.000E+00,0.000E+00,0.000E+00,1.48083,1.04833,-0.25550, -999999,0.16740,0.34768,0.0065369,0.045937,0.0029432,1.54414,0.000E+00,0.34438,1.75000,1.72477, -888888, -888888, -888888, -888888, -888888, -888888, -888888, -888888, -888888, -888888, -888888, -888888, -888888, -888888, -888888, -888888, -888888,3.55133
62310,62370,169,34.665315,-117.783591,9786.25,8.39333,702.6167,35.3083,47.1603,0.25150,239.7663,176.0760,122.6542,107.4555,104.6968,67.6790,45.2113,33.5758,22.9968,10.5762,6.34517,2.11567,1.85100,0.39683,0.26433,0.39617,0.26433,0.000E+00,0.000E+00,0.26417,0.000E+00,0.15867,0.000E+00,0.000E+00,0.15883,0.000E+00,0.000E+00,0.000E+00,1.48433,0.67950,-0.068667, -999999,0.069878,0.31340,0.011855,0.041158,0.0082895,1.53574,0.000E+00,0.33465,1.74940,1.27000, -888888, -888888, -888888, -888888, -888888, -888888, -888888, -888888, -888888, -888888, -888888, -888888, -888888, -888888, -888888, -888888, -888888,6.89483
62370,62430,169,34.637110,-117.848174,9773.82,8.67167,702.9533,35.1517,48.6998,0.17733,252.2275,195.0993,148.8425,114.6115,84.3277,63.9662,42.0340,30.9342,15.0737,11.8970,6.34450,2.90733,2.64417,0.79417,0.79283,0.39667,0.000E+00,0.000E+00,0.52917,0.26483,0.000E+00,0.000E+00,0.000E+00,0.15883,0.000E+00,0.000E+00,0.000E+00,0.000E+00,1.48317,1.36600,-0.22217, -999999,0.11887,0.27384,0.010443,0.036221,0.0098601,1.53464,0.000E+00,0.32479,1.75000,1.27000, -888888, -888888, -888888, -888888, -888888, -888888, -888888, -888888, -888888, -888888, -888888, -888888, -888888, -888888, -888888, -888888, -888888,3.52367
62430,62490,169,34.634085,-117.937370,9792.43,8.16000,702.4417,35.0283,48.4442,0.51167,250.6375,199.8875,135.6363,106.6755,100.9935,67.6867,39.2583,30.6682,11.1043,11.1038,5.15517,3.96550,3.17183,1.18917,0.52883,0.000E+00,0.000E+00,0.000E+00,0.000E+00,0.26450,0.000E+00,0.15850,0.000E+00,0.000E+00,0.15867,0.15867,0.000E+00,0.000E+00,1.48450,0.61200,-0.091167, -999999,0.15994,0.23222,0.011153,0.030591,0.0036947,1.54125,0.000E+00,0.33458,1.75000,1.27000, -888888, -888888, -888888, -888888, -888888, -888888, -888888, -888888, -888888, -888888, -888888, -888888, -888888, -888888, -888888, -888888, -888888,1.64133
62490,62550,169,34.632804,-118.031721,9806.82,6.95500,702.0383,34.8917,35.6350,0.087000,184.0595,146.3757,104.4510,83.3105,63.4652,49.1860,29.3538,26.1762,10.3155,8.46483,1.19017,2.37933,0.79317,0.000E+00,0.79400,0.79267,1.05800,0.000E+00,0.000E+00,0.52850,0.000E+00,0.000E+00,0.000E+00,0.000E+00,0.000E+00,0.000E+00,0.000E+00,0.000E+00,1.47833,0.63867,-0.12700, -999999,0.13449,0.22137,0.012148,0.027584,0.0099900,1.54085,0.000E+00,0.29961,1.74896,1.27000, -888888, -888888, -888888, -888888, -888888, -888888, -888888, -888888, -888888, -888888, -888888, -888888, -888888, -888888, -888888, -888888, -888888,3.26717
62550,62610,169,34.628226,-118.128122,9794.93,6.97167,702.3683,34.7650,42.3475,0.16367,198.2878,177.2800,123.4647,96.3712,84.3470,58.4338,42.0382,33.8395,10.3093,10.5763,5.94783,2.90883,1.05800,0.000E+00,0.52933,0.000E+00,0.52900,0.000E+00,0.000E+00,0.000E+00,0.19833,0.000E+00,0.31733,0.000E+00,0.000E+00,0.000E+00,0.000E+00,0.000E+00,1.47733,0.77433,-0.19133, -999999,0.053555,0.28513,0.010299,0.036409,0.0043930,1.54214,0.000E+00,0.32651,1.75000,1.27000, -888888, -888888, -888888, -888888, -888888, -888888, -888888, -888888, -888888, -888888, -888888, -888888, -888888, -888888, -888888, -888888, -888888,3.28733
62610,62670,169,34.621315,-118.222769,10167.8,6.96833,692.3233,34.6433,62.4512,0.46967,269.9702,218.5323,177.1563,151.5058,135.6478,98.6332,64.2540,53.1453,36.4877,18.5083,9.91717,7.13900,3.70150,0.79333,0.26433,0.39700,0.000E+00,0.79400,0.26450,0.26467,0.19817,0.000E+00,0.15850,0.31750,0.15867,0.000E+00,0.000E+00,0.000E+00,1.49517,1.42200,-0.18283, -999999,0.16759,0.43535,0.015592,0.067918,0.0033877,1.55600,0.000E+00,0.36596,1.75000,1.27000, -888888, -888888, -888888, -888888, -888888, -888888, -888888, -888888, -888888, -888888, -888888, -888888, -888888, -888888, -888888, -888888, -888888,4.51800
62670,62730,169,34.615092,-118.312065,11325.9,5.16000,661.7567,34.5150,48.1005,0.16883,222.1082,178.8830,130.3597,120.5665,104.1858,65.5825,59.1033,30.6743,20.2262,13.2220,6.34483,4.75900,2.37983,0.000E+00,0.79300,0.79283,0.52917,0.000E+00,0.000E+00,0.79317,0.19850,0.000E+00,0.15867,0.000E+00,0.000E+00,0.000E+00,0.000E+00,0.000E+00,1.55583,0.79083,-0.047167, -999999,0.11827,0.20166,0.015616,0.025962,0.0059636,1.62554,0.041656,0.33384, -888888,1.27000, -888888, -888888, -888888, -888888, -888888, -888888, -888888, -888888, -888888, -888888, -888888, -888888, -888888, -888888, -888888, -888888,1.00000,6.26450
62730,62790,169,34.609519,-118.398607,11906.6,3.86000,646.7883,34.3700,37.7993,0.089000,203.6142,152.2965,114.4898,87.2555,67.6913,42.8388,29.7495,23.0067,13.8828,7.93283,6.34667,1.85067,3.17250,0.000E+00,0.79333,0.39650,0.26433,0.000E+00,0.000E+00,0.000E+00,0.19850,0.000E+00,0.000E+00,0.000E+00,0.000E+00,0.000E+00,0.000E+00,0.000E+00,1.58600,0.41467,-0.12367, -999999,0.037257,0.24471,0.0099511,0.033577,0.0052644,1.64533,0.000E+00,0.33270,1.74797,1.27000, -888888, -888888, -888888, -888888, -888888, -888888, -888888, -888888, -888888, -888888, -888888, -888888, -888888, -888888, -888888, -888888,1.00000,2.14650
62790,62850,169,34.603281,-118.486478,12852.6,1.85167,623.1067,34.2450,94.0590,0.49517,499.9550,379.1167,277.6030,206.2202,177.3943,114.4723,77.3335,55.2613,37.6748,23.5318,11.8998,9.51733,3.43567,1.18933,1.05783,1.18983,0.79300,0.39650,0.79300,1.05817,0.000E+00,0.000E+00,0.31717,0.15833,0.15850,0.000E+00,0.000E+00,0.000E+00,1.63350,2.22567,-0.25317, -999999,0.27632,0.52369,0.015067,0.072647,0.0032372,1.69204,0.000E+00,0.36420,1.75000,1.27000, -888888, -888888, -888888, -888888, -888888, -888888, -888888, -888888, -888888, -888888, -888888, -888888, -888888, -888888, -888888, -888888, -888888,7.65233
62850,62910,169,34.597078,-118.576636,13799.8,-0.44833,600.0167,34.1183,55.2895,0.17450,347.9450,256.1913,169.4688,106.6833,75.3493,49.9700,41.2417,25.6445,14.2765,8.19567,3.56950,3.96667,0.52917,1.58600,0.26450,0.000E+00,0.26450,0.000E+00,0.000E+00,0.000E+00,0.000E+00,0.15883,0.000E+00,0.15850,0.000E+00,0.000E+00,0.000E+00,0.000E+00,1.68617,0.67817,-0.16117, -999999,0.12597,0.29824,0.0050365,0.035476,0.0088277,1.75111,0.000E+00,0.30641,1.75000,1.27000, -888888, -888888, -888888, -888888, -888888, -888888, -888888, -888888, -888888, -888888, -888888, -888888, -888888, -888888, -888888, -888888, -888888,2.72567
62910,62970,169,34.590508,-118.670722,13838.8,-0.59667,599.0867,33.9767,57.7353,0.30350,369.3378,245.4735,165.7648,122.5412,87.2497,61.3400,40.4523,25.6443,13.8807,7.13850,5.15667,4.49450,1.85067,0.39633,0.79300,0.79283,0.000E+00,0.79317,0.000E+00,0.26433,0.19833,0.15850,0.15867,0.000E+00,0.15833,0.000E+00,0.000E+00,0.000E+00,1.69000,0.75683,-0.18717, -999999,0.11695,0.28537,-6.294E-04,0.035021,0.011000,1.75785,0.000E+00,0.31075,1.75000,1.27000, -888888, -888888, -888888, -888888, -888888, -888888, -888888, -888888, -888888, -888888, -888888, -888888, -888888, -888888, -888888, -888888, -888888,3.72017
62970,63030,169,34.584535,-118.763082,13829.2,-0.61167,599.3200,33.8550,63.7903,0.19650,368.5395,283.9273,190.0920,133.6478,102.3148,67.4152,53.1370,29.0808,16.2592,10.5760,8.32800,6.87367,2.38000,1.18983,0.79333,0.000E+00,0.52883,0.000E+00,0.000E+00,0.000E+00,0.19850,0.000E+00,0.000E+00,0.15833,0.000E+00,0.000E+00,0.000E+00,0.000E+00,1.69000,0.95717,-0.10350, -999999,0.13369,0.35103,0.0064352,0.051941,0.017385,1.75228,0.000E+00,0.35991,1.74890,1.27000, -888888, -888888, -888888, -888888, -888888, -888888, -888888, -888888, -888888, -888888, -888888, -888888, -888888, -888888, -888888, -888888, -888888,4.34883
63030,63090,169,34.578233,-118.853145,13827.5,-0.73667,599.3483,33.7317,77.2572,0.28400,385.1648,311.6908,235.0077,175.6633,142.7592,95.6982,78.9137,43.6198,31.7207,18.2412,10.7055,6.34400,3.70150,0.79350,1.05667,0.39550,0.52867,0.79350,0.52850,0.79350,0.19783,0.15867,0.000E+00,0.15867,0.000E+00,0.000E+00,0.000E+00,0.000E+00,1.69000,1.33250,-0.091833, -999999,0.30054,0.44848,0.017723,0.075652,0.0027987,1.74821,0.000E+00,0.43991,1.75000,1.36896, -888888, -888888, -888888, -888888, -888888, -888888, -888888, -888888, -888888, -888888, -888888, -888888, -888888, -888888, -888888, -888888,1.00000,5.84750
63090,63150,169,34.571759,-118.940884,13828.3,-1.09500,599.3267,33.5883,67.8507,0.25217,364.3388,269.6827,189.3015,152.2827,123.9928,89.8890,59.4853,46.7972,26.1757,11.1075,8.32917,5.02233,3.96617,0.79317,1.85050,0.79383,0.52900,0.79267,0.52867,0.000E+00,0.19850,0.15867,0.31717,0.000E+00,0.000E+00,0.000E+00,0.000E+00,0.000E+00,1.68200,1.67883,0.0073333, -999999,0.25855,0.39153,0.014753,0.061889,0.0043757,1.74329,0.000E+00,0.40130,1.75000,1.39296, -888888,0.61937, -888888,2.08441,0.028878,0.27980,0.0065473,-0.0042606,0.0047055,-0.0097293,0.0055144,0.31527,0.0050029,0.0036530,-2.128E-04,-0.026068, -888888,7.28583
63150,63210,169,34.565684,-119.026794,13830.5,-1.17333,599.2683,33.4550,58.7345,0.23933,355.8447,260.1563,165.4905,117.7780,94.1168,59.4900,42.0357,33.3070,13.8793,13.4818,7.92883,5.28783,1.05750,1.18967,0.79350,0.39633,0.26433,0.39683,0.000E+00,0.52850,0.000E+00,0.15867,0.47583,0.000E+00,0.000E+00,0.000E+00,0.000E+00,0.000E+00,1.68000,0.71367,-0.013167, -999999,0.28080,0.34598,0.0093231,0.047943,0.0013820,1.74100,0.000E+00,0.36245,1.75000,1.44984, -888888,0.54771, -888888,2.97028,0.019185,0.30394,-0.0048872,-0.0039949,0.0041076,-0.0011207,0.0034794,0.31110,-0.0080515,0.0045285,-0.0023051,-0.018607, -888888,4.50117
63210,63270,169,34.558537,-119.111374,13738.3,-0.93000,601.5000,33.3300,64.1633,0.22283,378.2900,255.3638,196.1482,132.8343,104.6782,73.2217,49.9678,37.2750,24.5897,13.7467,5.54867,3.43617,4.22967,0.39650,1.05817,0.79233,0.000E+00,0.000E+00,0.79283,0.26450,0.000E+00,0.15867,0.000E+00,0.15867,0.000E+00,0.000E+00,0.000E+00,0.000E+00,1.67650,0.97850,-0.093333, -999999,0.32956,0.35941,0.0042648,0.048393,0.0076822,1.74044,0.000E+00,0.34703,1.75000,1.73045,1.15590,1.23070,2.55490,1.08110,0.022400,0.24150,-0.0050000,-0.0058000,0.0014000,-0.0071000,-3.000E-04,0.22440,-0.014200,0.014400,-5.000E-04,-5.000E-04, -888888,5.20483
63270,63330,169,34.538031,-119.193016,12659.5,1.65000,627.9033,33.1750,118.5527,0.72983,491.7482,425.5218,368.8113,304.9533,232.6512,174.4958,140.4007,99.1447,56.3155,31.1943,23.3967,7.93217,4.75900,1.19000,1.32233,0.39633,1.05733,1.18950,0.52900,0.79333,0.19833,0.15900,0.63450,0.63483,0.000E+00,0.000E+00,0.000E+00,0.000E+00,1.62300,2.37683,-0.12117, -999999, -999999, -999999, -999999, -999999, -999999, -999999, -999999, -999999, -999999, -999999, -999999, -999999, -999999, -999999, -999999, -999999, -999999, -999999, -999999, -999999, -999999, -999999, -999999, -999999, -999999, -999999, -999999,11.2558
63330,63390,169,34.508625,-119.274496,11171.2,4.22167,665.8033,33.0433,106.9037,0.43467,441.0267,368.4137,315.1542,289.1015,231.6028,175.8232,122.9385,81.6972,46.7967,27.4933,16.2603,9.51800,2.90800,1.98350,0.79300,1.19050,1.05833,0.79283,0.52883,0.52867,0.59467,0.31717,0.15850,0.15867,0.000E+00,0.000E+00,0.000E+00,0.000E+00,1.54617,2.16100,0.10900, -999999, -999999, -999999, -999999, -999999, -999999, -999999, -999999,0.39934, -999999,1.27000, -999999, -999999, -999999, -999999, -999999, -999999, -999999, -999999, -999999, -999999, -999999, -999999, -999999, -999999, -999999, -999999, -999999,8.62450
63390,63450,169,34.477535,-119.355995,9968.57,6.30167,697.6733,32.8967,95.9173,0.40350,322.5898,285.5672,251.1888,239.1665,224.2210,195.1380,155.8683,107.0872,63.8578,33.5825,16.6573,9.25617,5.55050,2.77567,0.26450,0.79350,0.26467,0.79183,1.05750,0.52883,0.59500,0.15867,0.31767,0.000E+00,0.000E+00,0.000E+00,0.000E+00,0.000E+00,1.48467,2.50067,0.010500, -999999, -999999, -999999, -999999, -999999, -999999, -999999, -999999,0.27453, -999999,1.27000, -999999, -999999, -999999, -999999, -999999, -999999, -999999, -999999, -999999, -999999, -999999, -999999, -999999, -999999, -999999, -999999, -999999,6.44600
63450,63510,169,34.452552,-119.429692,9917.67,6.35833,699.0483,32.7500,106.5948,0.61883,364.3623,298.6417,257.5312,240.7557,259.9073,218.9437,183.2272,125.5923,87.6520,43.1002,29.7413,11.1058,3.17417,1.58683,0.52867,1.19017,0.52850,1.19017,0.000E+00,0.26467,0.000E+00,0.63450,0.47617,0.31750,0.000E+00,0.000E+00,0.000E+00,0.000E+00,1.48000,2.48250,0.040667, -999999, -999999, -999999, -999999, -999999, -999999, -999999, -999999,0.24068, -999999,1.27000, -999999, -999999, -999999, -999999, -999999, -999999, -999999, -999999, -999999, -999999, -999999, -999999, -999999, -999999, -999999, -999999, -999999,8.83850
