Radiation Transfer Project/raw_data/2016/LAS_meta/SARP-LARGE-LAS_DC8_20160617_R1.ICT
70, 1001
Anderson, Bruce E.
NASA Langley
In-situ Particle Size Distributions from the TSI LAS on the NASA DC-8
SARP 2016
1,1
2016,06,17,2017,06,2
1.0
UTC_mid,Secs after midnight,Time of acquisition
31
1,1,1,1,1,1,1,1,1,1,1,1,1,1,1,1,1,1,1,1,1,1,1,1,1,1,1,1,1,1,1
-9999,-9999,-9999,-9999,-9999,-9999,-9999,-9999,-9999,-9999,-9999,-9999,-9999,-9999,-9999,-9999,-9999,-9999,-9999,-9999,-9999,-9999,-9999,-9999,-9999,-9999,-9999,-9999,-9999,-9999,-9999
nLAS_stdPT, #/cm3, Number concentration of aerosols between 0.1 and 5 um measured by TSI LAS
vLAS_stdPT, um3/cm3, Volume concentration of aerosols between 0.1 and 5 um measured by TSI LAS
LAS_bin01_stdPT, #/cm3, number size distribution of aerosols (dNdlogD), bin center EQ 100nm measured by the TSI LAS
LAS_bin02_stdPT, #/cm3, number size distribution of aerosols (dNdlogD), bin center EQ 112nm measured by the TSI LAS
LAS_bin03_stdPT, #/cm3, number size distribution of aerosols (dNdlogD), bin center EQ 126nm measured by the TSI LAS
LAS_bin04_stdPT, #/cm3, number size distribution of aerosols (dNdlogD), bin center EQ 141nm measured by the TSI LAS
LAS_bin05_stdPT, #/cm3, number size distribution of aerosols (dNdlogD), bin center EQ 158nm measured by the TSI LAS
LAS_bin06_stdPT, #/cm3, number size distribution of aerosols (dNdlogD), bin center EQ 178nm measured by the TSI LAS
LAS_bin07_stdPT, #/cm3, number size distribution of aerosols (dNdlogD), bin center EQ 200nm measured by the TSI LAS
LAS_bin08_stdPT, #/cm3, number size distribution of aerosols (dNdlogD), bin center EQ 224nm measured by the TSI LAS
LAS_bin09_stdPT, #/cm3, number size distribution of aerosols (dNdlogD), bin center EQ 251nm measured by the TSI LAS
LAS_bin10_stdPT, #/cm3, number size distribution of aerosols (dNdlogD), bin center EQ 282nm measured by the TSI LAS
LAS_bin11_stdPT, #/cm3, number size distribution of aerosols (dNdlogD), bin center EQ 316nm measured by the TSI LAS
LAS_bin12_stdPT, #/cm3, number size distribution of aerosols (dNdlogD), bin center EQ 355nm measured by the TSI LAS
LAS_bin13_stdPT, #/cm3, number size distribution of aerosols (dNdlogD), bin center EQ 398nm measured by the TSI LAS
LAS_bin14_stdPT, #/cm3, number size distribution of aerosols (dNdlogD), bin center EQ 447nm measured by the TSI LAS
LAS_bin15_stdPT, #/cm3, number size distribution of aerosols (dNdlogD), bin center EQ 501nm measured by the TSI LAS
LAS_bin16_stdPT, #/cm3, number size distribution of aerosols (dNdlogD), bin center EQ 562nm measured by the TSI LAS
LAS_bin17_stdPT, #/cm3, number size distribution of aerosols (dNdlogD), bin center EQ 631nm measured by the TSI LAS
LAS_bin18_stdPT, #/cm3, number size distribution of aerosols (dNdlogD), bin center EQ 708nm measured by the TSI LAS
LAS_bin19_stdPT, #/cm3, number size distribution of aerosols (dNdlogD), bin center EQ 794nm measured by the TSI LAS
LAS_bin20_stdPT, #/cm3, number size distribution of aerosols (dNdlogD), bin center EQ 891nm measured by the TSI LAS
LAS_bin21_stdPT, #/cm3, number size distribution of aerosols (dNdlogD), bin center EQ 1000nm measured by the TSI LAS
LAS_bin22_stdPT, #/cm3, number size distribution of aerosols (dNdlogD), bin center EQ 1259nm measured by the TSI LAS
LAS_bin23_stdPT, #/cm3, number size distribution of aerosols (dNdlogD), bin center EQ 1585nm measured by the TSI LAS
[...]
UNCERTAINTY: all data are 20%
ULOD_FLAG: -7777
ULOD_VALUE: N/A
LLOD_FLAG: -8888
LLOD_VALUE: N/A
DM_CONTACT_INFO: Lee Thornhill (Kenneth.L.Thornhill@nasa.gov)
PROJECT_INFO: KORUS 2016
STIPULATIONS_ON_USE: NONE, This is FINAL data, please consult PI or DM with questions on usage
OTHER_COMMENTS: dlogD for Diameters less than 1000 nm is 0.05 (20 channels per decade). For Diameters greater that or equal to 1000 nm, dlogD is 0.1 (10 channels per decade)
OTHER_COMMENTS: Data are processed with respect to mid-point polystyrene-latex-equivalent optical diameters and are rebinned to a standard binning scheme
OTHER_COMMENTS: Mid-point diameters (in nm) are 100.0, 112.2, 125.9, 141.3, 158.5, 177.8, 199.5, 223.9, 251.2, 281.8, 316.2, 354.8, 398.1, 446.7, 501.2, 562.3, 631.0, 707.9, 794.3, 891.3, 1000.0, 1258.9, 1584.9, 1995.3, 2511.9, 3162.3, 3981.1, 5011.9
REVISION: R1
R1: adjusted from ambient PT to standard PT (1013, 273)
R0: Corrected for overall time lag yet (with respect to DLH data)
*******************************************************************************************************************************
UTC_mid,nLAS_stdPT,vLAS_stdPT,LAS_bin01_stdPT,LAS_bin02_stdPT,LAS_bin03_stdPT,LAS_bin04_stdPT,LAS_bin05_stdPT,LAS_bin06_stdPT,LAS_bin07_stdPT,LAS_bin08_stdPT,LAS_bin09_stdPT,LAS_bin10_stdPT,LAS_bin11_stdPT,LAS_bin12_stdPT,LAS_bin13_stdPT,LAS_bin14_stdPT,LAS_bin15_stdPT,LAS_bin16_stdPT,LAS_bin17_stdPT,LAS_bin18_stdPT,LAS_bin19_stdPT,LAS_bin20_stdPT,LAS_bin21_stdPT,LAS_bin22_stdPT,LAS_bin23_stdPT,LAS_bin24_stdPT,LAS_bin25_stdPT,LAS_bin26_stdPT,LAS_bin27_stdPT,LAS_bin28_stdPT,stdPT
[from data line 80]
62034,2221.48,20.85,1432.44,1432.44,1448.36,1599.56,2339.65,3326.45,4154.08,5682.02,6827.97,6191.33,5491.03,3135.46,1225.53,47.75,47.75,23.87,0.00,23.87,0.00,0.00,0.00,0.00,0.00,0.00,0.00,0.00,0.00,0.00,1.24
62035,2070.57,19.80,1282.48,1496.22,1139.98,1472.47,2200.79,2960.78,4084.92,4908.24,6483.63,5905.72,4346.17,3720.76,1314.14,47.50,31.67,0.00,15.83,0.00,0.00,0.00,0.00,0.00,0.00,0.00,0.00,0.00,0.00,0.00,1.24
62036,2166.55,30.86,1195.05,1171.15,1434.06,1434.06,2230.76,2995.59,4254.38,5560.97,6524.98,6532.94,5234.32,3441.75,1115.38,47.80,63.74,23.90,15.93,0.00,15.93,0.00,0.00,0.00,9.56,0.00,9.56,0.00,0.00,0.00,1.24
62037,2220.64,334.47,1158.94,1309.76,1587.59,1738.41,2159.12,2921.16,4000.72,5366.05,7310.85,6493.24,5119.97,3921.34,1127.19,119.07,31.75,0.00,0.00,0.00,0.00,0.00,0.00,0.00,0.00,0.00,0.00,0.00,0.00,0.00,1.24
62038,2278.12,21.52,1170.70,1423.83,1518.75,1708.59,2388.87,3607.03,4508.79,5821.87,7119.14,6217.38,4793.55,3654.49,1360.55,213.57,31.64,23.73,0.00,0.00,0.00,0.00,0.00,0.00,0.00,0.00,0.00,0.00,0.00,0.00,1.24
62039,2744.37,27.10,1396.30,1761.25,1570.84,2189.66,2871.94,3950.90,5164.74,7568.60,8401.62,7568.60,6592.77,4077.84,1459.77,214.21,31.73,0.00,31.73,0.00,15.87,0.00,0.00,9.52,0.00,0.00,0.00,0.00,0.00,0.00,1.24
62040,2594.55,24.52,1529.25,1672.62,1863.78,2222.19,2803.63,3456.75,5017.86,7216.16,6475.43,7216.16,6212.59,4699.26,1401.81,71.68,15.93,0.00,15.93,0.00,0.00,0.00,0.00,0.00,0.00,0.00,0.00,0.00,0.00,0.00,1.24
62041,2378.30,25.02,1217.94,1020.22,1455.20,1542.20,2499.15,3527.28,5006.20,6516.77,7497.44,6216.23,5457.00,4144.16,1281.21,71.18,31.63,0.00,15.82,47.45,0.00,0.00,0.00,0.00,9.49,0.00,0.00,0.00,0.00,0.00,1.24
62042,2333.10,22.15,1193.40,1241.14,1861.70,2004.91,2259.50,3277.87,4511.05,5903.35,6754.64,7176.31,5012.28,3898.44,1416.17,119.34,31.82,0.00,0.00,0.00,0.00,0.00,0.00,0.00,0.00,0.00,0.00,0.00,0.00,0.00,1.24
62043,2440.58,27.65,1761.01,1499.24,1586.50,1951.39,2601.85,3125.40,4093.16,6282.52,7543.79,6821.93,5592.40,4315.27,1491.31,47.59,47.59,0.00,15.86,0.00,0.00,15.86,0.00,0.00,0.00,9.52,0.00,0.00,0.00,0.00,1.25
62044,1945.79,17.59,1451.55,1207.00,1325.33,1467.33,2035.33,2840.00,4354.66,5048.88,5466.99,5348.66,4283.66,3045.11,962.44,47.33,31.56,0.00,0.00,0.00,0.00,0.00,0.00,0.00,0.00,0.00,0.00,0.00,0.00,0.00,1.25
62045,1590.43,15.04,1069.33,909.73,1037.41,1292.77,1372.57,2457.86,3327.69,4005.99,4644.40,4580.56,3375.57,2777.06,766.09,95.76,95.76,0.00,0.00,0.00,0.00,0.00,0.00,0.00,0.00,0.00,0.00,0.00,0.00,0.00,1.25
62046,1750.23,16.76,1700.18,1453.89,1048.71,1024.87,1604.84,2510.54,3146.12,4210.72,4814.52,5179.98,4504.68,2923.67,810.36,0.00,15.89,0.00,15.89,23.83,15.89,0.00,0.00,0.00,0.00,0.00,0.00,0.00,0.00,0.00,1.25
62047,1828.79,21.15,1109.22,926.99,1093.38,1426.14,1996.60,2931.52,3565.36,4310.13,5728.35,5197.51,4064.51,3121.67,1045.84,23.77,0.00,0.00,15.85,0.00,0.00,0.00,0.00,0.00,0.00,9.51,0.00,0.00,0.00,0.00,1.25
62048,1805.78,21.24,1145.16,1145.16,1256.50,1359.88,1701.84,2767.47,3292.34,4580.65,5654.24,4882.84,3960.35,3212.82,986.11,95.43,31.81,0.00,0.00,23.86,0.00,0.00,0.00,0.00,0.00,9.54,0.00,0.00,0.00,0.00,1.25
62049,2235.16,22.32,1044.58,1234.50,1535.21,1495.65,2057.50,3292.00,4273.27,5681.87,6196.24,6868.89,5507.77,4225.79,1092.06,142.44,15.83,0.00,0.00,23.74,0.00,15.83,0.00,0.00,0.00,0.00,0.00,0.00,0.00,0.00,1.25
62050,2435.62,38.55,1420.19,1819.12,1978.69,2321.77,2361.66,3303.13,4882.89,6031.81,6989.24,6366.91,5960.00,3925.46,1148.92,143.61,0.00,23.94,0.00,0.00,0.00,15.96,0.00,0.00,0.00,0.00,0.00,9.57,0.00,0.00,1.25
62051,2207.89,21.34,1458.45,1379.19,1299.92,1569.42,2266.94,3249.80,4613.14,5596.00,6325.23,6119.14,5112.50,3852.21,1220.66,71.34,0.00,0.00,0.00,0.00,0.00,0.00,11.89,0.00,0.00,0.00,0.00,0.00,0.00,0.00,1.25
62052,2569.26,25.57,1375.88,1707.99,1375.88,1897.77,2514.54,3795.54,5076.53,6689.64,7970.63,7812.48,5052.81,4349.05,1549.84,118.61,31.63,23.72,0.00,23.72,0.00,0.00,0.00,9.49,0.00,0.00,0.00,0.00,0.00,0.00,1.25
62053,2707.56,26.71,1877.71,1527.63,1241.20,1790.19,2832.48,4025.94,5012.53,6683.38,7232.37,8529.26,6516.29,5171.66,1463.98,167.08,79.56,0.00,0.00,0.00,0.00,0.00,0.00,0.00,0.00,0.00,0.00,0.00,0.00,0.00,1.25
62054,2629.52,31.11,1519.13,1352.98,1487.48,2065.07,2721.78,3386.40,4889.70,6424.66,8070.38,8323.57,5578.06,4937.18,1550.78,118.68,94.95,0.00,15.82,0.00,0.00,15.82,0.00,9.49,0.00,9.49,0.00,0.00,0.00,0.00,1.25
62055,2465.16,24.89,1253.61,1261.54,1650.32,1832.80,2316.79,3982.97,4855.74,5982.39,6950.37,7315.34,5903.05,4189.26,1618.58,47.61,63.47,23.80,15.87,0.00,15.87,0.00,11.90,0.00,0.00,0.00,0.00,0.00,0.00,0.00,1.25
62056,2325.78,30.30,1104.01,1344.01,1712.02,1992.02,2592.02,3200.03,4608.04,5872.05,6816.06,6128.06,5328.05,4176.04,1440.01,144.00,16.00,24.00,0.00,0.00,0.00,0.00,0.00,0.00,0.00,0.00,9.60,0.00,0.00,0.00,1.25
62057,2135.68,48.41,1052.84,1202.12,1445.68,1532.11,1791.39,2922.80,4454.91,4619.90,6812.00,6364.15,4902.76,4164.20,1241.40,94.28,47.14,0.00,15.71,0.00,0.00,15.71,0.00,9.43,0.00,0.00,0.00,0.00,7.86,0.00,1.25
62058,1990.53,19.69,1158.30,1166.23,1364.57,1190.03,1935.78,2871.94,3641.50,5014.00,6021.56,5807.35,4545.92,3776.37,1094.83,166.60,31.73,0.00,0.00,23.80,0.00,0.00,0.00,0.00,0.00,0.00,0.00,0.00,0.00,0.00,1.25
62059,2053.37,19.27,1435.70,1774.91,1451.48,1396.26,2177.22,2839.85,4117.79,5348.39,5419.39,5348.39,4804.09,3612.92,1214.83,94.66,31.55,0.00,0.00,0.00,0.00,0.00,0.00,0.00,0.00,0.00,0.00,0.00,0.00,0.00,1.26
62060,1981.84,27.28,1270.10,940.52,1189.71,1471.07,2025.73,2877.82,3762.07,4967.86,5160.79,6125.42,5064.33,3585.22,1061.10,48.23,48.23,0.00,0.00,0.00,0.00,0.00,0.00,0.00,0.00,19.29,0.00,0.00,0.00,0.00,1.26
62061,1850.73,18.24,765.77,867.35,1078.32,984.56,1781.58,2813.02,3891.35,5016.55,5837.02,5407.25,3938.23,3188.09,1281.49,117.21,31.26,0.00,15.63,0.00,0.00,0.00,0.00,0.00,0.00,0.00,0.00,0.00,0.00,0.00,1.26
62062,2437.82,24.40,1140.13,1353.91,1567.68,1923.97,1884.38,3452.06,4014.21,5874.84,8289.71,7157.49,5771.92,4481.35,1726.03,71.26,47.51,0.00,0.00,0.00,0.00,0.00,0.00,0.00,0.00,0.00,0.00,0.00,0.00,0.00,1.26
62063,1913.01,18.73,1217.37,1541.47,1264.80,1351.75,2165.97,2766.75,3201.52,4806.23,5027.57,5501.87,4885.28,3162.00,1154.13,94.86,79.05,0.00,15.81,23.71,0.00,0.00,0.00,0.00,0.00,0.00,0.00,0.00,0.00,0.00,1.26
62064,1792.15,17.30,1187.12,1020.92,1013.01,1638.22,1867.73,2500.86,3371.42,4606.02,4629.77,5286.64,4344.86,3086.51,1171.29,118.71,0.00,0.00,0.00,0.00,0.00,0.00,0.00,0.00,0.00,0.00,0.00,0.00,0.00,0.00,1.26
62065,2149.72,25.06,1271.70,1049.15,1303.49,1621.41,2082.40,2845.42,4458.88,5357.02,6390.27,6199.52,5102.68,3894.57,1255.80,95.38,0.00,23.84,0.00,23.84,0.00,0.00,0.00,0.00,0.00,9.54,0.00,0.00,0.00,0.00,1.26
62066,2447.32,51.08,1330.15,1425.16,1235.14,1615.19,2137.75,3547.08,4679.29,5779.83,7529.62,7426.69,5700.66,4766.38,1599.35,95.01,31.67,0.00,0.00,0.00,15.84,15.84,0.00,0.00,0.00,0.00,0.00,0.00,7.92,0.00,1.26
62067,2193.39,37.45,1352.86,1145.95,1623.43,1742.80,2323.74,2880.80,4130.21,5634.27,6302.74,5777.52,5228.41,4090.42,1352.86,190.99,15.92,23.87,31.83,0.00,0.00,0.00,0.00,0.00,0.00,0.00,0.00,9.55,0.00,0.00,1.26
62068,1851.85,19.75,1032.24,1476.90,1540.43,1500.73,2080.37,2366.22,3525.51,4017.81,5145.34,5478.84,4406.89,3493.75,825.80,95.28,15.88,0.00,0.00,0.00,0.00,15.88,0.00,0.00,9.53,0.00,0.00,0.00,0.00,0.00,1.26
62069,1547.77,41.05,1000.87,1405.98,1382.15,1072.36,1398.04,2144.72,2954.95,3304.46,4503.92,4527.75,3288.57,3066.16,730.79,95.32,15.89,47.66,0.00,0.00,0.00,0.00,0.00,0.00,0.00,0.00,0.00,0.00,7.94,0.00,1.27
62070,1049.23,10.25,746.33,619.29,809.85,643.11,1190.95,1445.02,2048.44,3032.96,2858.28,2747.13,2286.63,1699.09,809.85,0.00,15.88,0.00,15.88,0.00,0.00,15.88,0.00,0.00,0.00,0.00,0.00,0.00,0.00,0.00,1.27
62071,1313.82,13.48,937.88,1168.37,715.33,1049.15,1526.03,1462.45,2384.43,2940.80,4077.37,3385.89,3290.51,2495.70,683.54,119.22,0.00,0.00,0.00,0.00,15.90,0.00,11.92,0.00,0.00,0.00,0.00,0.00,0.00,0.00,1.27
62072,1157.46,45.08,715.86,453.38,827.21,1073.79,1288.55,1893.05,2338.47,2895.25,2839.57,3292.95,2982.75,1813.51,572.69,95.45,31.82,0.00,0.00,0.00,0.00,0.00,0.00,0.00,0.00,0.00,9.54,0.00,7.95,0.00,1.27
62073,1562.72,14.91,1035.28,1223.51,1129.39,1176.45,1505.86,2070.56,2799.96,3843.08,5035.22,4674.44,3294.07,2478.39,847.05,70.59,31.37,23.53,0.00,0.00,0.00,15.69,0.00,0.00,0.00,0.00,0.00,0.00,0.00,0.00,1.27
62074,1857.39,20.32,1108.80,1069.20,1425.59,1283.04,2043.35,2518.55,3373.91,4878.70,5536.06,4767.82,4348.06,3199.67,1457.27,47.52,31.68,0.00,15.84,23.76,0.00,0.00,0.00,0.00,9.50,0.00,0.00,0.00,0.00,0.00,1.27
62075,1797.55,16.97,1380.90,1166.62,1301.54,1238.05,1872.95,2428.48,3214.16,4333.17,6023.58,4920.45,3904.62,2888.78,1158.69,95.23,0.00,23.81,0.00,0.00,0.00,0.00,0.00,0.00,0.00,0.00,0.00,0.00,0.00,0.00,1.27
62076,1098.66,10.58,681.46,903.33,665.61,713.16,982.57,1711.57,2020.61,2868.47,3209.20,3153.73,2353.42,1870.05,681.46,142.63,15.85,0.00,0.00,0.00,0.00,0.00,0.00,0.00,0.00,0.00,0.00,0.00,0.00,0.00,1.27
62077,1411.66,14.02,840.88,1166.13,1047.14,856.75,1634.17,1903.89,2379.86,3363.54,3998.17,3998.17,3284.21,2728.91,809.15,142.79,31.73,47.60,0.00,0.00,0.00,0.00,0.00,0.00,0.00,0.00,0.00,0.00,0.00,0.00,1.27
62078,1724.66,42.53,1095.53,1333.69,1206.67,1238.42,1778.25,2492.72,3238.95,4509.13,4858.43,4747.29,3786.72,3016.67,1047.90,95.26,31.75,0.00,0.00,0.00,0.00,0.00,0.00,0.00,0.00,0.00,0.00,0.00,7.94,0.00,1.27
62079,1151.36,10.14,965.73,902.41,807.42,1139.88,1298.20,1836.48,2256.02,3071.35,3324.66,2786.38,2137.28,1978.96,459.12,47.50,0.00,0.00,0.00,0.00,15.83,0.00,0.00,0.00,0.00,0.00,0.00,0.00,0.00,0.00,1.27
62080,360.94,4.68,543.98,791.97,543.98,335.99,463.98,479.98,551.98,639.97,815.97,863.96,575.98,495.98,64.00,0.00,16.00,0.00,16.00,0.00,0.00,0.00,0.00,0.00,9.60,0.00,0.00,0.00,0.00,0.00,1.28
62081,176.25,0.92,490.03,403.09,284.53,308.24,237.11,221.30,379.38,205.50,426.80,237.11,189.69,94.84,47.42,0.00,0.00,0.00,0.00,0.00,0.00,0.00,0.00,0.00,0.00,0.00,0.00,0.00,0.00,0.00,1.28
62082,117.36,0.50,346.58,189.04,299.32,189.04,204.80,173.29,212.67,267.81,259.93,78.77,47.26,78.77,0.00,0.00,0.00,0.00,0.00,0.00,0.00,0.00,0.00,0.00,0.00,0.00,0.00,0.00,0.00,0.00,1.28
62083,112.98,0.53,445.57,262.57,206.87,238.70,175.05,143.22,167.09,127.31,119.35,143.22,119.35,95.48,15.91,0.00,0.00,0.00,0.00,0.00,0.00,0.00,0.00,0.00,0.00,0.00,0.00,0.00,0.00,0.00,1.28
62084,60.35,0.20,331.33,189.33,110.44,165.67,63.11,78.89,71.00,63.11,71.00,0.00,0.00,47.33,15.78,0.00,0.00,0.00,0.00,0.00,0.00,0.00,0.00,0.00,0.00,0.00,0.00,0.00,0.00,0.00,1.28
62085,57.27,0.13,284.36,213.27,157.98,142.18,94.79,31.60,71.09,63.19,47.39,15.80,23.70,0.00,0.00,0.00,0.00,0.00,0.00,0.00,0.00,0.00,0.00,0.00,0.00,0.00,0.00,0.00,0.00,0.00,1.28
62086,70.64,0.28,271.37,191.55,175.59,143.67,207.52,47.89,23.94,31.93,119.72,95.78,71.83,31.93,0.00,0.00,0.00,0.00,0.00,0.00,0.00,0.00,0.00,0.00,0.00,0.00,0.00,0.00,0.00,0.00,1.28
62087,58.56,0.26,205.76,47.48,205.76,189.93,142.45,94.97,23.74,31.66,71.22,31.66,47.48,63.31,15.83,0.00,0.00,0.00,0.00,0.00,0.00,0.00,0.00,0.00,0.00,0.00,0.00,0.00,0.00,0.00,1.28
62088,58.12,0.29,111.47,95.55,159.24,119.43,207.02,95.55,23.89,31.85,95.55,79.62,95.55,47.77,0.00,0.00,0.00,0.00,0.00,0.00,0.00,0.00,0.00,0.00,0.00,0.00,0.00,0.00,0.00,0.00,1.28
62089,53.21,0.42,192.05,216.06,112.03,168.04,80.02,112.03,72.02,32.01,48.01,0.00,0.00,16.00,0.00,0.00,0.00,0.00,0.00,0.00,0.00,16.00,0.00,0.00,0.00,0.00,0.00,0.00,0.00,0.00,1.28
62090,84.49,0.32,251.50,377.25,141.47,259.36,220.06,110.03,141.47,47.16,70.73,0.00,23.58,31.44,0.00,0.00,0.00,0.00,15.72,0.00,0.00,0.00,0.00,0.00,0.00,0.00,0.00,0.00,0.00,0.00,1.29
62091,78.04,0.22,316.92,332.77,95.08,142.61,190.15,126.77,95.08,79.23,118.85,15.85,47.54,0.00,0.00,0.00,0.00,0.00,0.00,0.00,0.00,0.00,0.00,0.00,0.00,0.00,0.00,0.00,0.00,0.00,1.29
62092,75.66,0.28,398.21,310.60,159.28,143.36,143.36,79.64,47.79,47.79,23.89,47.79,47.79,47.79,0.00,0.00,15.93,0.00,0.00,0.00,0.00,0.00,0.00,0.00,0.00,0.00,0.00,0.00,0.00,0.00,1.29
62093,49.99,0.15,253.94,142.84,95.23,71.42,142.84,31.74,47.61,79.36,47.61,63.48,23.81,0.00,0.00,0.00,0.00,0.00,0.00,0.00,0.00,0.00,0.00,0.00,0.00,0.00,0.00,0.00,0.00,0.00,1.29
62094,61.07,0.14,317.23,166.55,190.34,71.38,95.17,142.75,118.96,63.45,0.00,31.72,23.79,0.00,0.00,0.00,0.00,0.00,0.00,0.00,0.00,0.00,0.00,0.00,0.00,0.00,0.00,0.00,0.00,0.00,1.29
62095,33.57,0.11,173.78,94.79,78.99,23.70,31.60,63.19,47.39,31.60,71.09,31.60,23.70,0.00,0.00,0.00,0.00,0.00,0.00,0.00,0.00,0.00,0.00,0.00,0.00,0.00,0.00,0.00,0.00,0.00,1.29
62096,0.80,0.00,15.90,0.00,0.00,0.00,0.00,0.00,0.00,0.00,0.00,0.00,0.00,0.00,0.00,0.00,0.00,0.00,0.00,0.00,0.00,0.00,0.00,0.00,0.00,0.00,0.00,0.00,0.00,0.00,1.31
62097,0.00,0.00,0.00,0.00,0.00,0.00,0.00,0.00,0.00,0.00,0.00,0.00,0.00,0.00,0.00,0.00,0.00,0.00,0.00,0.00,0.00,0.00,0.00,0.00,0.00,0.00,0.00,0.00,0.00,0.00,1.31
62098,0.78,0.00,15.66,0.00,0.00,0.00,0.00,0.00,0.00,0.00,0.00,0.00,0.00,0.00,0.00,0.00,0.00,0.00,0.00,0.00,0.00,0.00,0.00,0.00,0.00,0.00,0.00,0.00,0.00,0.00,1.31
62099,11.49,0.02,47.54,95.08,31.69,0.00,0.00,31.69,23.77,0.00,0.00,0.00,0.00,0.00,0.00,0.00,0.00,0.00,0.00,0.00,0.00,0.00,0.00,0.00,0.00,0.00,0.00,0.00,0.00,0.00,1.31
62100,28.55,0.05,111.03,142.75,95.17,47.58,15.86,63.44,47.58,47.58,0.00,0.00,0.00,0.00,0.00,0.00,0.00,0.00,0.00,0.00,0.00,0.00,0.00,0.00,0.00,0.00,0.00,0.00,0.00,0.00,1.31
62101,27.13,27.29,142.80,71.40,47.60,71.40,47.60,15.87,47.60,15.87,0.00,15.87,0.00,15.87,15.87,0.00,0.00,0.00,0.00,0.00,0.00,0.00,0.00,9.52,0.00,0.00,0.00,0.00,7.93,0.00,1.32
62102,42.46,0.46,253.95,0.00,31.74,71.42,158.72,111.10,47.61,47.61,23.81,15.87,23.81,47.61,0.00,0.00,0.00,0.00,0.00,0.00,0.00,15.87,0.00,0.00,0.00,0.00,0.00,0.00,0.00,0.00,1.32
62103,49.14,12.00,190.52,95.26,111.13,119.07,95.26,174.64,47.63,15.88,47.63,31.75,0.00,0.00,15.88,0.00,0.00,0.00,0.00,0.00,0.00,0.00,0.00,0.00,0.00,9.53,9.53,0.00,0.00,0.00,1.32
62104,57.38,0.47,158.28,261.17,110.80,237.42,94.97,79.14,47.48,0.00,47.48,31.66,23.74,15.83,0.00,0.00,0.00,0.00,15.83,23.74,0.00,0.00,0.00,0.00,0.00,0.00,0.00,0.00,0.00,0.00,1.32
62105,58.65,0.63,237.79,190.23,221.94,118.90,158.53,31.71,23.78,47.56,95.12,0.00,0.00,15.85,0.00,0.00,0.00,0.00,0.00,0.00,15.85,15.85,0.00,0.00,0.00,0.00,0.00,0.00,0.00,0.00,1.32
62106,77.47,0.80,381.41,286.06,111.25,95.35,254.27,111.25,119.19,15.89,119.19,31.78,0.00,0.00,0.00,0.00,0.00,0.00,0.00,0.00,0.00,0.00,11.92,0.00,0.00,0.00,0.00,0.00,0.00,0.00,1.32
62107,51.09,0.13,205.95,190.11,174.27,142.58,126.74,95.06,23.76,0.00,0.00,15.84,0.00,47.53,0.00,0.00,0.00,0.00,0.00,0.00,0.00,0.00,0.00,0.00,0.00,0.00,0.00,0.00,0.00,0.00,1.32
62108,37.40,0.06,175.04,214.82,127.30,23.87,47.74,79.56,47.74,15.91,0.00,15.91,0.00,0.00,0.00,0.00,0.00,0.00,0.00,0.00,0.00,0.00,0.00,0.00,0.00,0.00,0.00,0.00,0.00,0.00,1.32
62109,46.30,0.15,94.97,118.72,189.95,71.23,142.46,79.15,71.23,47.49,47.49,15.83,47.49,0.00,0.00,0.00,0.00,0.00,0.00,0.00,0.00,0.00,0.00,0.00,0.00,0.00,0.00,0.00,0.00,0.00,1.32
62110,62.16,0.13,300.88,427.56,110.85,71.26,15.84,95.01,118.77,31.67,23.75,31.67,0.00,15.84,0.00,0.00,0.00,0.00,0.00,0.00,0.00,0.00,0.00,0.00,0.00,0.00,0.00,0.00,0.00,0.00,1.32
62111,64.69,0.14,317.48,214.30,111.12,190.49,95.24,111.12,95.24,79.37,47.62,31.75,0.00,0.00,0.00,0.00,0.00,0.00,0.00,0.00,0.00,0.00,0.00,0.00,0.00,0.00,0.00,0.00,0.00,0.00,1.33
62112,65.44,0.16,222.11,214.18,126.92,166.58,190.38,63.46,142.78,79.32,71.39,31.73,0.00,0.00,0.00,0.00,0.00,0.00,0.00,0.00,0.00,0.00,0.00,0.00,0.00,0.00,0.00,0.00,0.00,0.00,1.33
62113,44.79,0.12,142.71,214.06,142.71,118.92,63.42,0.00,47.57,31.71,71.35,63.42,0.00,0.00,0.00,0.00,0.00,0.00,0.00,0.00,0.00,0.00,0.00,0.00,0.00,0.00,0.00,0.00,0.00,0.00,1.33
62114,44.46,0.12,174.68,95.28,63.52,95.28,127.04,142.92,23.82,79.40,71.46,15.88,0.00,0.00,0.00,0.00,0.00,0.00,0.00,0.00,0.00,0.00,0.00,0.00,0.00,0.00,0.00,0.00,0.00,0.00,1.33
62115,51.62,0.10,190.60,285.90,190.60,142.95,79.42,63.53,0.00,31.77,0.00,31.77,0.00,15.88,0.00,0.00,0.00,0.00,0.00,0.00,0.00,0.00,0.00,0.00,0.00,0.00,0.00,0.00,0.00,0.00,1.33
